12,0.960000,1058,22.335252,114.262729,1.450733,170.490000,12,20,2024,3,36,51,0,0,[-16.24,-13.99,-19.29,-19.24,-19.60,-19.41,-16.61,-16.02,-12.79,-14.04],0.000000,0.000000,0,0
12,0.960000,976,22.335238,114.262732,1.476456,167.510000,12,20,2024,3,36,52,0,0,[-16.83,-12.60,-18.62,-24.06,-23.01,-21.69,-23.45,-23.01,-17.53,-15.39],0.000000,0.000000,0,0
12,0.960000,881,22.335225,114.262736,1.491889,167.100000,12,20,2024,3,36,53,0,0,[-20.58,-20.32,-15.57,-16.14,-10.16,-7.23,-7.41,-4.56,0.32,-4.36],0.000000,0.000000,0,0
12,0.960000,899,22.335213,114.262737,1.301544,174.070000,12,20,2024,3,36,54,0,0,[-2.26,-7.62,-1.95,1.80,-3.32,-8.60,-3.21,7.51,5.53,6.25],0.000000,0.000000,0,0
12,0.960000,919,22.335203,114.262738,0.962011,174.350000,12,20,2024,3,36,55,0,0,[3.23,9.24,4.00,6.84,11.25,8.33,8.70,2.99,-10.91,-12.50],0.000000,0.000000,0,0
12,0.960000,913,22.335199,114.262738,0.277800,174.330000,12,20,2024,3,36,56,0,0,[-9.35,-11.94,-7.99,-0.77,-4.88,-2.97,-0.83,-0.36,0.36,-4.50],0.000000,0.000000,0,0
12,0.960000,900,22.335204,114.262741,0.931144,37.560000,12,20,2024,3,36,57,0,0,[-4.18,2.98,2.37,10.15,6.49,5.08,4.67,-5.65,-7.90,-0.84],0.000000,0.000000,0,0
12,0.960000,888,22.335207,114.262742,0.185200,37.560000,12,20,2024,3,36,58,0,0,[-12.67,-3.90,-7.78,-8.66,-10.64,1.77,-13.63,-12.39,-11.86,-16.90],0.000000,0.000000,0,0
12,0.960000,590,22.335220,114.262744,1.126633,14.000000,12,20,2024,3,37,0,0,0,[-31.13,-44.10,-12.99,-9.58,-11.28,-7.40,-8.82,-4.95,-15.56,-9.34],0.000000,0.000000,0,0
12,0.960000,588,22.335228,114.262744,0.962011,6.140000,12,20,2024,3,37,1,0,0,[-12.91,-12.78,-19.06,-37.93,0.38,-9.17,8.45,17.71,11.75,-11.17],0.000000,0.000000,0,0
12,0.960000,582,22.335238,114.262743,1.090622,358.800000,12,20,2024,3,37,2,0,0,[-6.16,-7.08,-6.95,-9.14,-0.79,12.49,5.36,1.91,4.99,9.11],0.000000,0.000000,0,0
12,0.960000,567,22.335245,114.262743,0.555600,358.970000,12,20,2024,3,37,3,0,0,[7.26,-1.18,1.89,3.58,10.19,1.35,-5.94,-5.44,-2.59,-1.02],0.000000,0.000000,0,0
12,0.960000,556,22.335242,114.262745,0.725367,84.400000,12,20,2024,3,37,4,0,0,[-7.72,-20.36,-2.73,-21.70,-25.18,-13.95,-13.62,-33.40,-32.23,-41.96],0.000000,0.000000,0,0
12,0.960000,543,22.335235,114.262746,0.859122,149.630000,12,20,2024,3,37,5,0,0,[-26.61,-33.09,-29.20,-32.71,-30.37,2.55,6.81,0.62,-10.11,-7.11],0.000000,0.000000,0,0
12,0.960000,537,22.335229,114.262746,0.658489,161.270000,12,20,2024,3,37,6,0,0,[-4.23,4.07,-1.56,-1.29,2.45,-1.13,-1.49,-6.89,-0.12,-3.37],0.000000,0.000000,0,0
12,0.960000,531,22.335225,114.262745,0.308667,166.350000,12,20,2024,3,37,7,0,0,[-1.44,-1.11,2.54,2.68,-0.56,-2.19,-0.67,-1.92,-4.82,-5.66],0.000000,0.000000,0,0
12,0.960000,529,22.335225,114.262744,0.036011,166.350000,12,20,2024,3,37,8,0,0,[-3.35,-3.75,7.13,-7.54,1.50,-0.07,-0.14,-1.70,-0.80,-0.65],0.000000,0.000000,0,0
12,0.960000,533,22.335225,114.262744,0.036011,166.350000,12,20,2024,3,37,9,0,0,[-3.18,-4.32,-2.07,-2.37,-1.64,2.12,-3.00,-0.80,-1.74,0.36],0.000000,0.000000,0,0
12,0.960000,538,22.335225,114.262744,0.030867,166.350000,12,20,2024,3,37,10,0,0,[-1.59,-1.53,0.20,0.67,-0.70,1.22,-0.25,0.97,1.44,0.57],0.000000,0.000000,0,0
12,0.960000,545,22.335226,114.262744,0.020578,166.350000,12,20,2024,3,37,11,0,0,[0.25,-0.56,-0.52,-0.39,-0.74,1.67,0.78,-0.05,1.69,1.81],0.000000,0.000000,0,0
12,0.960000,549,22.335226,114.262743,0.015433,166.350000,12,20,2024,3,37,12,0,0,[-2.57,-1.71,-2.73,-1.28,-1.08,0.57,-2.20,-1.24,-0.09,-3.26],0.000000,0.000000,0,0
12,0.960000,552,22.335226,114.262743,0.072022,166.350000,12,20,2024,3,37,13,0,0,[-2.60,-2.54,-2.50,-0.32,-1.90,0.25,2.14,3.05,1.68,5.51],0.000000,0.000000,0,0
12,0.960000,547,22.335221,114.262743,0.838544,183.380000,12,20,2024,3,37,14,0,0,[-2.76,-4.85,-8.45,-3.18,3.65,-2.21,-2.51,-2.38,8.75,-1.83],0.000000,0.000000,0,0
12,0.960000,542,22.335211,114.262744,1.255244,172.520000,12,20,2024,3,37,15,0,0,[-0.03,-3.83,-1.90,-7.68,-2.23,-3.96,-4.13,4.99,6.74,400.00],0.000000,0.000000,0,0
12,0.960000,536,22.335199,114.262745,1.414722,173.100000,12,20,2024,3,37,16,0,0,[-3.25,-3.72,-1.82,-8.52,-8.43,-3.83,1.99,0.72,-0.29,2.73],0.000000,0.000000,0,0
12,0.960000,533,22.335186,114.262746,1.517611,176.680000,12,20,2024,3,37,17,0,0,[2.89,-6.04,2.68,-2.92,-5.85,-4.39,-3.47,-1.19,-0.68,-1.24],0.000000,0.000000,0,0
12,0.910000,521,22.335173,114.262747,1.476456,175.560000,12,20,2024,3,37,18,0,0,[1.40,-0.24,-2.59,4.66,3.18,-4.47,1.36,4.08,-1.10,-0.72],0.000000,0.000000,0,0
12,0.910000,506,22.335160,114.262748,1.450733,177.580000,12,20,2024,3,37,19,0,0,[6.96,-10.15,0.77,-2.91,-11.37,-5.12,-2.81,-2.67,1.15,1.63],0.000000,0.000000,0,0
12,0.910000,487,22.335147,114.262748,1.527900,176.530000,12,20,2024,3,37,20,0,0,[6.40,1.86,-5.95,-5.75,-5.15,-7.08,-4.90,-0.50,-2.85,1.86],0.000000,0.000000,0,0
12,0.910000,471,22.335133,114.262749,1.538189,175.630000,12,20,2024,3,37,21,0,0,[1.39,-0.22,-4.34,-2.53,-3.75,-3.65,-6.18,-4.65,0.33,-7.47],0.000000,0.000000,0,0
12,0.910000,464,22.335120,114.262749,1.481600,177.080000,12,20,2024,3,37,22,0,0,[-1.57,4.42,-6.67,-1.50,-2.42,-4.85,-12.47,-3.22,-2.30,-4.95],0.000000,0.000000,0,0
12,0.910000,479,22.335106,114.262752,1.677089,169.450000,12,20,2024,3,37,23,0,0,[-2.31,2.94,-7.92,-0.70,-1.71,-9.99,-8.93,-0.17,0.75,-0.34],0.000000,0.000000,0,0
12,0.910000,320,22.335093,114.262754,1.435300,172.280000,12,20,2024,3,37,24,0,0,[2.93,6.15,-3.02,-4.52,-3.35,-7.50,-7.84,-6.84,2.88,0.83],0.000000,0.000000,0,0
12,0.910000,104,22.335068,114.262754,1.383856,171.430000,12,20,2024,3,37,26,0,0,[-0.75,2.18,-2.38,-5.45,-2.00,-7.19,-4.48,-12.55,-0.07,1.31],0.000000,0.000000,0,0
12,0.910000,112,22.335054,114.262756,1.548478,173.900000,12,20,2024,3,37,27,0,0,[-10.25,-3.10,0.21,-8.59,-3.55,-5.29,-5.69,-11.06,-4.21,3.43],0.000000,0.000000,0,0
12,0.910000,121,22.335041,114.262755,1.491889,178.710000,12,20,2024,3,37,28,0,0,[-0.59,-3.59,5.17,-3.81,0.74,-3.61,-5.02,-11.81,0.20,4.33],0.000000,0.000000,0,0
12,0.910000,143,22.335028,114.262752,1.471311,185.320000,12,20,2024,3,37,29,0,0,[-0.16,0.30,1.79,-4.72,-3.65,-3.00,-9.50,-9.95,-0.72,4.81],0.000000,0.000000,0,0
12,0.910000,165,22.335015,114.262750,1.538189,188.360000,12,20,2024,3,37,30,0,0,[2.50,-0.56,1.15,3.77,-6.12,0.48,-7.67,-5.57,-2.54,5.11],0.000000,0.000000,0,0
12,0.910000,187,22.335001,114.262749,1.548478,185.120000,12,20,2024,3,37,31,0,0,[3.43,-4.45,2.03,4.05,-7.95,-1.73,-4.12,-6.54,-6.71,3.66],0.000000,0.000000,0,0
12,0.910000,85,22.334988,114.262747,1.378711,186.500000,12,20,2024,3,37,32,0,0,[4.12,-0.53,3.40,0.93,-3.85,0.03,2.79,-5.12,-4.52,-0.72],0.000000,0.000000,0,0
12,0.910000,35,22.334976,114.262745,1.419867,186.030000,12,20,2024,3,37,33,0,0,[1.92,0.17,6.52,4.39,-6.06,-2.09,-3.19,-5.81,-6.20,-3.72],0.000000,0.000000,0,0
12,0.910000,1008,22.334976,114.262745,1.419867,186.030000,12,20,2024,3,37,33,0,0,[-1.13,0.08,3.73,1.44,-3.23,-6.98,-6.46,-9.76,-13.63,-14.96],0.000000,0.000000,0,0
12,0.910000,902,22.334963,114.262742,1.414722,187.700000,12,20,2024,3,37,34,0,0,[-23.13,-23.74,-23.43,-22.02,-23.97,-37.80,-33.24,-34.71,-39.06,-38.66],0.000000,0.000000,0,0
12,0.910000,738,22.334950,114.262740,1.471311,186.540000,12,20,2024,3,37,35,0,0,[-43.97,-37.70,-39.11,-31.42,-29.05,-39.23,-36.75,-35.99,-37.78,-40.78],0.000000,0.000000,0,0
12,0.910000,335,22.334923,114.262737,1.497033,184.630000,12,20,2024,3,37,37,0,0,[-39.55,-40.68,-37.25,-31.83,-29.18,-39.74,-36.46,-35.42,-37.73,-40.98],0.000000,0.000000,0,0
12,0.910000,251,22.334910,114.262735,1.409578,186.140000,12,20,2024,3,37,38,0,0,[-38.70,-38.54,-37.23,-30.24,-33.15,-33.88,-35.80,-35.42,-37.72,-36.70],0.000000,0.000000,0,0
12,0.910000,168,22.334897,114.262733,1.466167,185.860000,12,20,2024,3,37,39,0,0,[-34.37,-36.63,-36.51,-32.67,-26.36,-30.68,-39.49,-32.89,-38.93,-32.55],0.000000,0.000000,0,0
12,0.910000,87,22.334884,114.262732,1.461022,185.730000,12,20,2024,3,37,40,0,0,[-31.75,-31.41,-31.76,-33.95,-27.44,-23.68,-37.43,-31.07,-32.02,-32.59],0.000000,0.000000,0,0
12,0.910000,37,22.334871,114.262731,1.461022,184.630000,12,20,2024,3,37,41,0,0,[-35.30,-34.03,-35.33,-36.03,-31.04,-26.55,-34.48,-38.53,-35.38,-37.77],0.000000,0.000000,0,0
12,0.910000,1,22.334858,114.262730,1.430156,184.720000,12,20,2024,3,37,42,0,0,[-35.10,-31.62,-35.37,-33.78,-30.30,-29.67,-30.24,-35.86,-35.41,-38.42],0.000000,0.000000,0,0
12,0.910000,25,22.334846,114.262729,1.389000,182.330000,12,20,2024,3,37,43,0,0,[-36.34,-35.24,-38.97,-35.30,-41.45,-34.31,-32.08,-42.91,-34.09,-28.75],0.000000,0.000000,0,0
12,0.910000,1052,22.334846,114.262729,1.389000,182.330000,12,20,2024,3,37,43,0,0,[-34.36,-37.09,-42.25,-40.23,-35.72,-29.98,-25.21,-31.90,-31.14,-33.89],0.000000,0.000000,0,0
12,0.910000,892,22.334833,114.262729,1.389000,180.630000,12,20,2024,3,37,44,0,0,[-34.25,-35.77,-39.79,-33.16,-30.68,-28.22,-24.97,-32.40,-25.36,-20.78],0.000000,0.000000,0,0
12,0.910000,600,22.334808,114.262729,1.450733,180.090000,12,20,2024,3,37,46,0,0,[-25.74,-20.08,-17.03,-17.09,-13.72,-9.31,-7.29,-15.21,-13.76,-15.79],0.000000,0.000000,0,0
12,0.910000,495,22.334795,114.262728,1.358133,181.800000,12,20,2024,3,37,47,0,0,[-23.39,-16.54,-14.99,-19.54,-18.47,-10.26,-13.10,-16.10,-16.21,-15.44],0.000000,0.000000,0,0
12,0.910000,514,22.334782,114.262728,1.491889,180.490000,12,20,2024,3,37,48,0,0,[-17.27,-21.76,-12.65,-12.45,-16.47,-8.68,-14.41,-13.94,-15.65,-11.78],0.000000,0.000000,0,0
12,0.910000,538,22.334769,114.262728,1.430156,179.050000,12,20,2024,3,37,49,0,0,[-16.39,-13.77,-15.39,-16.21,-12.01,-11.62,-9.94,-11.51,-17.87,-15.86],0.000000,0.000000,0,0
12,0.910000,559,22.334757,114.262727,1.455878,182.340000,12,20,2024,3,37,50,0,0,[-16.90,-14.64,-16.42,-21.61,-17.37,-18.53,-12.82,-10.75,-20.93,-13.24],0.000000,0.000000,0,0
12,0.910000,580,22.334744,114.262726,1.414722,182.710000,12,20,2024,3,37,51,0,0,[-11.84,-13.64,-11.38,-14.33,-7.13,-8.23,-1.29,0.09,-7.61,-1.95],0.000000,0.000000,0,0
12,0.910000,602,22.334732,114.262725,1.306689,183.190000,12,20,2024,3,37,52,0,0,[-3.44,-2.93,-7.25,-1.30,-0.31,-2.76,5.59,6.96,1.93,400.00],0.000000,0.000000,0,0
12,0.910000,624,22.334719,114.262724,1.404433,182.830000,12,20,2024,3,37,53,0,0,[1.10,1.33,-3.33,-5.30,-6.47,-4.08,-3.93,-1.25,-2.79,-2.30],0.000000,0.000000,0,0
12,0.910000,646,22.334706,114.262724,1.440444,179.660000,12,20,2024,3,37,54,0,0,[-0.14,1.08,-5.91,-8.02,-1.93,2.27,-0.73,0.84,0.00,0.39],0.000000,0.000000,0,0
12,0.910000,550,22.334694,114.262723,1.471311,179.100000,12,20,2024,3,37,55,0,0,[-3.72,-0.76,-0.84,-4.57,-3.02,1.91,1.41,-5.29,2.88,4.45],0.000000,0.000000,0,0
12,0.910000,445,22.334680,114.262723,1.471311,180.010000,12,20,2024,3,37,56,0,0,[-5.25,1.00,-2.68,-2.38,-7.29,2.66,3.93,-5.02,-1.51,3.59],0.000000,0.000000,0,0
12,0.910000,279,22.334668,114.262724,1.337556,176.620000,12,20,2024,3,37,57,0,0,[-4.14,-1.14,-2.06,-5.71,-6.94,-3.88,-1.97,-5.32,-0.47,6.40],0.000000,0.000000,0,0
12,0.910000,107,22.334643,114.262725,1.419867,179.580000,12,20,2024,3,37,59,0,0,[-4.03,-1.66,0.36,-7.58,-13.39,2.58,-1.27,-5.26,-0.79,-0.19],0.000000,0.000000,0,0
12,0.940000,129,22.334631,114.262725,1.358133,177.830000,12,20,2024,3,38,0,0,0,[-3.32,-7.09,-0.13,-3.34,-5.27,-4.11,-4.41,-4.99,-4.63,0.24],0.000000,0.000000,0,0
12,0.910000,151,22.334619,114.262730,1.419867,157.600000,12,20,2024,3,38,1,0,0,[1.24,-8.46,-1.87,-6.26,-7.50,-8.91,-5.71,-4.67,-8.90,-0.35],0.000000,0.000000,0,0
12,0.910000,113,22.334609,114.262736,1.301544,155.140000,12,20,2024,3,38,2,0,0,[5.59,-4.77,-2.15,0.00,-5.63,-5.44,-0.33,1.90,1.88,3.42],0.000000,0.000000,0,0
12,0.910000,10,22.334600,114.262744,1.332411,137.980000,12,20,2024,3,38,3,0,0,[6.00,1.78,3.84,2.13,0.76,0.42,-0.24,-0.76,-1.56,-3.78],0.000000,0.000000,0,0
12,0.910000,19,22.334592,114.262754,1.450733,132.660000,12,20,2024,3,38,4,0,0,[-3.41,-9.82,-3.47,-8.15,-10.83,-9.27,-6.61,-5.79,-1.84,-1.89],0.000000,0.000000,0,0
12,0.910000,32,22.334583,114.262765,1.461022,130.670000,12,20,2024,3,38,5,0,0,[0.96,1.22,3.39,1.28,1.23,2.79,5.76,5.07,4.87,5.56],0.000000,0.000000,0,0
12,0.910000,44,22.334574,114.262775,1.450733,132.700000,12,20,2024,3,38,6,0,0,[4.80,-1.63,2.68,-1.57,-1.37,0.53,-2.90,-7.44,-7.74,-1.57],0.000000,0.000000,0,0
12,0.910000,57,22.334565,114.262785,1.430156,134.170000,12,20,2024,3,38,7,0,0,[-3.74,-8.99,-5.61,-7.76,-10.43,-10.91,-12.14,-12.27,-8.37,-7.09],0.000000,0.000000,0,0
12,0.910000,67,22.334556,114.262794,1.461022,137.510000,12,20,2024,3,38,8,0,0,[-3.54,-12.21,-1.09,-0.56,0.14,3.08,5.04,6.40,2.88,400.00],0.000000,0.000000,0,0
12,0.910000,70,22.334545,114.262802,1.497033,142.350000,12,20,2024,3,38,9,0,0,[8.81,2.34,0.93,5.49,4.94,0.22,-4.29,-1.69,-1.36,-5.82],0.000000,0.000000,0,0
12,0.910000,79,22.334533,114.262809,1.399289,150.490000,12,20,2024,3,38,10,0,0,[-0.49,-2.40,-5.81,-7.06,-7.55,-6.88,-7.96,-6.59,-11.40,-8.43],0.000000,0.000000,0,0
12,0.910000,88,22.334521,114.262814,1.497033,154.290000,12,20,2024,3,38,11,0,0,[-7.17,-0.95,-7.30,0.03,0.97,-4.29,-7.95,0.23,1.85,4.55],0.000000,0.000000,0,0
12,0.910000,97,22.334509,114.262820,1.481600,155.760000,12,20,2024,3,38,12,0,0,[1.58,0.24,5.09,8.01,5.94,2.97,1.48,5.17,4.74,6.53],0.000000,0.000000,0,0
12,0.910000,107,22.334497,114.262825,1.425011,158.600000,12,20,2024,3,38,13,0,0,[4.55,2.97,5.87,1.36,-1.66,-14.05,-14.34,-12.57,-9.25,-5.47],0.000000,0.000000,0,0
12,0.910000,117,22.334485,114.262827,1.347844,164.090000,12,20,2024,3,38,14,0,0,[-10.85,-8.36,-13.99,-11.00,-10.93,-15.07,-13.56,-5.15,-3.98,0.82],0.000000,0.000000,0,0
12,0.910000,126,22.334472,114.262827,1.486744,173.980000,12,20,2024,3,38,15,0,0,[0.27,1.75,-5.09,4.48,4.05,1.51,0.07,7.22,7.27,8.96],0.000000,0.000000,0,0
12,0.910000,147,22.334459,114.262829,1.414722,172.140000,12,20,2024,3,38,16,0,0,[9.19,8.89,4.12,6.91,9.40,6.39,0.48,1.56,2.16,-2.40],0.000000,0.000000,0,0
12,0.910000,60,22.334446,114.262831,1.373567,172.800000,12,20,2024,3,38,17,0,0,[-0.44,-1.84,-0.36,-7.98,-3.83,-10.32,-9.77,-12.56,-12.39,-14.81],0.000000,0.000000,0,0
12,0.910000,80,22.334434,114.262832,1.430156,172.170000,12,20,2024,3,38,18,0,0,[-10.73,-8.18,-11.16,-15.82,-8.02,-12.80,-11.17,-13.51,-3.56,-2.44],0.000000,0.000000,0,0
12,0.910000,102,22.334421,114.262834,1.461022,170.630000,12,20,2024,3,38,19,0,0,[-2.47,4.34,3.12,-2.35,5.49,6.57,4.01,1.53,11.46,10.20],0.000000,0.000000,0,0
12,0.910000,125,22.334408,114.262837,1.399289,170.030000,12,20,2024,3,38,20,0,0,[9.62,13.40,18.01,5.99,8.79,5.25,0.05,1.92,-1.30,-1.91],0.000000,0.000000,0,0
12,0.910000,147,22.334396,114.262839,1.430156,169.190000,12,20,2024,3,38,21,0,0,[-1.20,4.42,-0.67,-5.00,-5.44,-7.34,-9.62,-5.84,-5.52,-6.72],0.000000,0.000000,0,0
12,0.910000,99,22.334383,114.262842,1.445589,168.160000,12,20,2024,3,38,22,0,0,[-5.74,0.43,-0.78,-9.47,-0.17,-4.46,-4.40,-2.94,4.96,6.87],0.000000,0.000000,0,0
12,0.910000,1010,22.334383,114.262842,1.445589,168.160000,12,20,2024,3,38,22,0,0,[8.53,11.59,14.30,6.85,12.88,7.61,6.14,7.01,9.85,7.99],0.000000,0.000000,0,0
12,0.910000,829,22.334357,114.262847,1.497033,168.190000,12,20,2024,3,38,24,0,0,[5.22,6.16,4.69,-4.25,-2.39,-4.86,-12.45,-9.71,-8.50,-10.27],0.000000,0.000000,0,0
12,0.910000,821,22.334344,114.262850,1.461022,167.940000,12,20,2024,3,38,25,0,0,[-10.89,-9.20,-7.06,-13.77,-15.22,-9.30,-12.07,-5.62,-2.54,-4.13],0.000000,0.000000,0,0
12,0.910000,810,22.334331,114.262853,1.507322,166.240000,12,20,2024,3,38,26,0,0,[1.67,4.26,7.45,8.15,0.78,7.29,6.59,8.95,5.21,9.13],0.000000,0.000000,0,0
12,0.910000,799,22.334317,114.262856,1.497033,166.270000,12,20,2024,3,38,27,0,0,[9.14,12.25,9.92,2.22,3.19,-0.08,-5.73,-5.43,-11.87,-5.56],0.000000,0.000000,0,0
12,0.910000,790,22.334305,114.262860,1.461022,165.350000,12,20,2024,3,38,28,0,0,[-8.22,-6.49,-3.16,-11.65,-13.95,-10.28,-12.23,-11.57,-13.47,-10.45],0.000000,0.000000,0,0
12,0.910000,778,22.334292,114.262862,1.425011,167.970000,12,20,2024,3,38,29,0,0,[-9.79,-9.33,-2.51,-1.09,-6.32,3.77,0.99,2.73,-0.10,6.22],0.000000,0.000000,0,0
12,0.910000,766,22.334279,114.262866,1.399289,166.140000,12,20,2024,3,38,30,0,0,[3.15,4.59,9.85,7.09,0.55,6.48,2.07,-0.36,0.31,-2.16],0.000000,0.000000,0,0
12,0.910000,757,22.334267,114.262868,1.368422,169.410000,12,20,2024,3,38,31,0,0,[-3.63,-6.31,-0.61,-3.93,-13.97,-6.49,-7.64,-11.14,-8.41,-9.19],0.000000,0.000000,0,0
12,0.910000,747,22.334255,114.262869,1.368422,169.680000,12,20,2024,3,38,32,0,0,[-6.86,-6.60,2.51,3.66,-0.17,4.16,6.83,5.13,1.68,7.40],0.000000,0.000000,0,0
12,0.910000,721,22.334242,114.262870,1.445589,175.160000,12,20,2024,3,38,33,0,0,[5.72,4.13,8.89,3.67,-2.37,0.37,-7.59,-8.42,-9.68,-11.17],0.000000,0.000000,0,0
12,0.910000,700,22.334230,114.262871,1.337556,174.390000,12,20,2024,3,38,34,0,0,[-12.40,-15.78,-7.85,-9.50,-17.31,-13.55,-13.75,-14.16,-14.30,-10.26],0.000000,0.000000,0,0
12,0.910000,661,22.334217,114.262872,1.466167,179.270000,12,20,2024,3,38,35,0,0,[-4.83,-5.43,-0.09,0.08,-4.81,0.06,0.48,-2.04,-4.49,0.04],0.000000,0.000000,0,0
12,0.910000,636,22.334205,114.262872,1.198656,179.110000,12,20,2024,3,38,36,0,0,[5.27,7.23,12.46,7.55,12.17,15.03,17.71,20.43,13.48,24.27],0.000000,0.000000,0,0
12,0.910000,614,22.334193,114.262871,1.471311,183.460000,12,20,2024,3,38,37,0,0,[32.21,32.14,36.32,34.83,35.91,41.81,37.82,34.83,28.40,33.58],0.000000,0.000000,0,0
12,0.910000,590,22.334179,114.262868,1.579344,189.400000,12,20,2024,3,38,38,0,0,[33.07,28.97,38.92,35.54,29.82,30.68,28.67,25.28,18.25,26.67],0.000000,0.000000,0,0
12,0.910000,564,22.334166,114.262868,1.322122,182.040000,12,20,2024,3,38,39,0,0,[31.87,27.36,31.10,35.77,25.38,26.38,25.12,29.06,24.09,400.00],0.000000,0.000000,0,0
12,0.910000,246,22.334139,114.262865,1.507322,184.830000,12,20,2024,3,38,41,0,0,[29.54,28.86,22.94,30.99,30.05,21.86,25.92,25.08,23.12,17.94],0.000000,0.000000,0,0
12,0.910000,226,22.334125,114.262866,1.502178,180.690000,12,20,2024,3,38,42,0,0,[22.21,27.05,21.35,26.27,23.34,20.08,25.44,21.08,20.75,18.06],0.000000,0.000000,0,0
12,0.910000,206,22.334112,114.262869,1.491889,171.260000,12,20,2024,3,38,43,0,0,[19.99,22.16,23.18,24.80,25.35,18.34,20.38,18.40,13.89,17.04],0.000000,0.000000,0,0
12,0.910000,182,22.334099,114.262874,1.553622,161.740000,12,20,2024,3,38,44,0,0,[22.41,24.29,22.52,28.02,24.38,19.79,20.73,19.59,16.63,13.98],0.000000,0.000000,0,0
12,0.910000,161,22.334087,114.262880,1.481600,160.010000,12,20,2024,3,38,45,0,0,[16.12,17.69,18.43,25.13,26.26,19.04,13.19,23.76,14.48,12.56],0.000000,0.000000,0,0
12,0.910000,152,22.334075,114.262886,1.378711,158.360000,12,20,2024,3,38,46,0,0,[13.28,18.97,19.97,23.17,24.06,11.69,14.92,17.60,15.42,12.71],0.000000,0.000000,0,0
12,0.910000,128,22.334064,114.262892,1.352989,151.880000,12,20,2024,3,38,47,0,0,[14.04,19.22,14.11,16.62,17.81,20.09,12.37,14.87,15.15,11.19],0.000000,0.000000,0,0
12,0.840000,94,22.334052,114.262898,1.455878,154.550000,12,20,2024,3,38,48,0,0,[9.13,18.31,13.86,14.76,19.89,26.23,15.16,23.25,26.00,26.78],0.000000,0.000000,0,0
12,0.840000,62,22.334040,114.262904,1.455878,155.270000,12,20,2024,3,38,49,0,0,[21.92,22.68,27.49,25.90,30.84,32.30,23.39,27.28,26.92,23.82],0.000000,0.000000,0,0
12,0.840000,4,22.334028,114.262910,1.461022,155.230000,12,20,2024,3,38,50,0,0,[20.20,22.71,25.04,23.20,29.91,28.28,14.74,19.92,18.97,12.33],0.000000,0.000000,0,0
12,0.840000,1032,22.334028,114.262910,1.461022,155.230000,12,20,2024,3,38,50,0,0,[16.18,18.81,18.74,20.71,21.79,23.56,14.92,18.55,21.53,13.81],0.000000,0.000000,0,0
12,0.840000,972,22.334017,114.262917,1.512467,153.220000,12,20,2024,3,38,51,0,0,[19.29,16.38,24.54,18.01,18.44,23.81,13.59,10.77,18.72,15.30],0.000000,0.000000,0,0
12,0.840000,945,22.334005,114.262923,1.481600,152.920000,12,20,2024,3,38,52,0,0,[19.78,15.31,20.10,21.69,15.28,24.88,21.23,16.90,15.44,12.76],0.000000,0.000000,0,0
12,0.840000,919,22.333993,114.262931,1.563911,146.820000,12,20,2024,3,38,53,0,0,[10.82,10.87,19.02,18.48,18.37,21.34,26.47,21.32,22.57,20.46],0.000000,0.000000,0,0
12,0.840000,755,22.333983,114.262941,1.450733,141.650000,12,20,2024,3,38,54,0,0,[15.34,14.76,18.99,18.61,18.51,18.07,29.50,18.08,16.83,16.24],0.000000,0.000000,0,0
12,0.840000,488,22.333964,114.262959,1.394144,135.240000,12,20,2024,3,38,56,0,0,[18.12,17.79,14.63,15.84,14.96,26.89,30.08,18.49,14.54,19.95],0.000000,0.000000,0,0
12,0.840000,466,22.333956,114.262970,1.450733,130.420000,12,20,2024,3,38,57,0,0,[12.62,14.51,12.62,19.49,19.71,22.59,22.17,17.02,15.11,21.09],0.000000,0.000000,0,0
12,0.840000,442,22.333949,114.262982,1.404433,122.210000,12,20,2024,3,38,58,0,0,[12.97,16.73,12.04,12.90,14.82,12.83,16.41,21.95,15.98,19.81],0.000000,0.000000,0,0
12,0.840000,405,22.333942,114.262993,1.389000,121.960000,12,20,2024,3,38,59,0,0,[14.97,17.16,16.37,21.84,20.66,18.02,21.96,22.23,21.26,18.06],0.000000,0.000000,0,0
12,0.840000,367,22.333936,114.263005,1.414722,120.850000,12,20,2024,3,39,0,0,0,[21.23,15.92,14.66,17.05,15.77,13.59,21.93,27.14,21.87,19.32],0.000000,0.000000,0,0
12,0.840000,328,22.333928,114.263017,1.497033,123.340000,12,20,2024,3,39,1,0,0,[23.03,17.19,13.01,12.47,19.55,16.01,21.88,24.37,26.40,19.72],0.000000,0.000000,0,0
12,0.840000,287,22.333921,114.263029,1.543333,123.960000,12,20,2024,3,39,2,0,0,[22.15,18.46,21.72,17.96,13.62,15.15,17.11,22.33,26.15,20.03],0.000000,0.000000,0,0
12,0.840000,247,22.333913,114.263042,1.507322,121.810000,12,20,2024,3,39,3,0,0,[22.61,22.34,20.45,15.90,18.79,24.17,20.08,24.65,27.09,22.54],0.000000,0.000000,0,0
12,0.840000,207,22.333906,114.263054,1.599922,121.200000,12,20,2024,3,39,4,0,0,[20.33,22.20,15.13,11.09,15.48,18.43,22.24,28.60,28.95,22.87],0.000000,0.000000,0,0
12,0.840000,44,22.333898,114.263068,1.728533,123.910000,12,20,2024,3,39,5,0,0,[21.40,23.99,16.56,11.63,16.15,14.93,12.43,15.67,13.96,11.67],0.000000,0.000000,0,0
12,0.840000,885,22.333891,114.263079,1.445589,124.470000,12,20,2024,3,39,6,0,0,[9.36,9.50,8.98,5.59,0.83,-0.18,-1.59,5.46,2.24,0.90],0.000000,0.000000,0,0
12,0.910000,847,22.333882,114.263090,1.466167,128.050000,12,20,2024,3,39,7,0,0,[-1.82,-2.19,-4.43,-2.05,-4.12,-6.65,-6.53,0.36,-3.75,-3.90],0.000000,0.000000,0,0
12,1.040000,809,22.333872,114.263100,1.543333,135.150000,12,20,2024,3,39,8,0,0,[-10.26,-3.41,-8.38,-7.21,-11.04,-9.48,-6.83,-3.09,0.65,-1.25],0.000000,0.000000,0,0
12,1.110000,743,22.333861,114.263109,1.548478,137.070000,12,20,2024,3,39,9,0,0,[-2.40,5.49,3.24,3.07,1.13,3.95,5.19,8.86,10.35,8.78],0.000000,0.000000,0,0
12,1.110000,680,22.333849,114.263115,1.445589,148.860000,12,20,2024,3,39,10,0,0,[5.05,8.41,6.71,3.28,3.24,2.84,1.27,-2.73,2.47,-0.28],0.000000,0.000000,0,0
12,1.140000,615,22.333837,114.263120,1.502178,154.160000,12,20,2024,3,39,11,0,0,[-9.58,-5.65,-7.38,-6.86,-8.57,-10.94,-14.30,-9.52,-5.41,400.00],0.000000,0.000000,0,0
12,0.840000,541,22.333824,114.263125,1.584489,156.200000,12,20,2024,3,39,12,0,0,[-5.21,-10.43,-14.45,-13.08,-13.00,-16.10,-16.91,-15.46,-12.61,-8.48],0.000000,0.000000,0,0
12,0.910000,477,22.333811,114.263129,1.409578,157.520000,12,20,2024,3,39,13,0,0,[-9.83,-10.89,-3.82,-4.84,-1.56,-7.01,-2.41,4.93,7.39,8.71],0.000000,0.000000,0,0
12,0.840000,314,22.333805,114.263133,0.694500,153.360000,12,20,2024,3,39,14,0,0,[10.99,2.74,9.53,10.55,7.29,7.25,7.22,8.28,7.63,11.44],0.000000,0.000000,0,0
12,0.840000,16,22.333784,114.263141,1.280967,158.060000,12,20,2024,3,39,16,0,0,[12.43,-2.33,1.01,-4.79,-0.59,-2.64,-6.00,-9.40,-10.74,-3.18],0.000000,0.000000,0,0
12,1.170000,1026,22.333784,114.263141,1.280967,158.060000,12,20,2024,3,39,16,0,0,[-4.82,-18.32,-13.73,-11.19,-18.05,-13.91,-13.91,-14.42,-15.82,-9.51],0.000000,0.000000,0,0
12,1.400000,959,22.333774,114.263148,1.342700,151.030000,12,20,2024,3,39,17,0,0,[-8.82,-12.00,-14.00,-11.74,-13.05,-13.05,-6.08,0.52,1.41,7.06],0.000000,0.000000,0,0
12,0.960000,910,22.333764,114.263151,1.234667,157.250000,12,20,2024,3,39,18,0,0,[9.60,1.38,3.72,7.53,4.98,3.76,6.29,6.81,2.83,7.10],0.000000,0.000000,0,0
12,0.850000,832,22.333753,114.263155,1.394144,155.610000,12,20,2024,3,39,19,0,0,[3.36,-5.07,-4.92,-5.85,-12.55,-13.59,-9.70,-14.52,-17.90,-16.14],0.000000,0.000000,0,0
12,0.880000,771,22.333747,114.263160,1.116344,142.820000,12,20,2024,3,39,20,0,0,[-7.81,-19.96,-20.18,-17.19,-16.98,-11.43,-14.00,-4.63,-9.45,-7.08],0.000000,0.000000,0,0
12,1.230000,710,22.333739,114.263165,0.812822,146.240000,12,20,2024,3,39,21,0,0,[0.37,11.53,-3.01,4.12,4.61,2.59,4.18,9.73,6.14,6.48],0.000000,0.000000,0,0
12,0.890000,326,22.333714,114.263175,1.594778,144.360000,12,20,2024,3,39,23,0,0,[2.57,11.40,-0.14,0.51,-1.24,0.15,-3.54,-2.49,-5.68,-6.94],0.000000,0.000000,0,0
12,1.530000,195,22.333701,114.263182,1.815989,149.470000,12,20,2024,3,39,24,0,0,[-4.56,-4.03,-12.97,-9.05,-11.09,-12.86,-20.24,-6.47,-13.80,-14.49],0.000000,0.000000,0,0
12,1.500000,141,22.333685,114.263189,2.263556,158.600000,12,20,2024,3,39,25,0,0,[-12.27,-8.96,-15.21,-16.22,-11.79,-14.54,-14.55,-7.40,-1.72,-0.91],0.000000,0.000000,0,0
12,1.620000,87,22.333679,114.263199,1.198656,146.540000,12,20,2024,3,39,26,0,0,[4.79,7.53,-1.61,4.17,7.03,1.18,5.59,5.76,11.58,5.96],0.000000,0.000000,0,0
12,1.620000,36,22.333675,114.263206,1.090622,149.990000,12,20,2024,3,39,27,0,0,[13.70,13.64,5.11,1.46,2.29,-2.19,-2.57,-6.52,-4.45,-10.55],0.000000,0.000000,0,0
12,2.310000,8,22.333666,114.263213,1.260389,147.180000,12,20,2024,3,39,28,0,0,[-6.95,-6.35,-6.99,-17.04,-11.55,-16.33,-13.17,-17.89,-10.77,-13.68],0.000000,0.000000,0,0
12,2.310000,1036,22.333666,114.263213,1.260389,147.180000,12,20,2024,3,39,28,0,0,[-13.44,-10.85,-3.65,-11.26,-6.02,-4.41,-3.58,-1.97,-1.79,-0.15],0.000000,0.000000,0,0
12,1.340000,978,22.333656,114.263223,1.425011,135.340000,12,20,2024,3,39,29,0,0,[-0.49,10.81,9.14,1.71,6.98,7.59,8.27,5.34,10.26,10.40],0.000000,0.000000,0,0
12,2.310000,924,22.333647,114.263234,1.491889,133.050000,12,20,2024,3,39,30,0,0,[4.72,10.70,10.68,2.11,-2.53,-2.34,-4.33,-4.19,-8.45,-10.78],0.000000,0.000000,0,0
12,2.310000,760,22.333639,114.263243,1.188367,134.130000,12,20,2024,3,39,31,0,0,[-12.05,-7.82,-10.37,-8.06,-12.53,-13.00,-15.02,-19.45,-19.76,-15.31],0.000000,0.000000,0,0
12,1.870000,496,22.333623,114.263262,1.301544,133.020000,12,20,2024,3,39,33,0,0,[-12.08,-12.68,-7.61,-3.71,-10.13,-9.90,-9.48,-9.92,-5.95,-3.51],0.000000,0.000000,0,0
12,1.210000,460,22.333615,114.263273,1.352989,131.670000,12,20,2024,3,39,34,0,0,[3.09,-0.89,2.46,8.04,5.74,-1.32,10.95,8.73,8.82,5.03],0.000000,0.000000,0,0
12,1.870000,409,22.333608,114.263283,1.286111,131.980000,12,20,2024,3,39,35,0,0,[9.73,10.99,5.62,12.68,7.10,-1.34,1.07,-1.27,-10.97,-12.57],0.000000,0.000000,0,0
12,1.870000,376,22.333600,114.263294,1.337556,128.470000,12,20,2024,3,39,36,0,0,[-10.42,-16.13,-16.04,-11.02,-11.14,-8.49,-11.64,-5.87,-3.00,-5.65],0.000000,0.000000,0,0
12,1.870000,323,22.333592,114.263305,1.389000,129.610000,12,20,2024,3,39,37,0,0,[-7.56,3.92,2.46,5.06,9.06,8.00,2.68,3.61,9.03,4.72],0.000000,0.000000,0,0
12,1.870000,268,22.333582,114.263310,1.322122,159.420000,12,20,2024,3,39,38,0,0,[2.71,3.60,4.70,3.02,6.95,5.08,-0.83,-1.50,0.61,-3.16],0.000000,0.000000,0,0
12,1.870000,226,22.333570,114.263307,1.275822,177.760000,12,20,2024,3,39,39,0,0,[-2.85,-7.75,-4.17,-5.89,-8.19,-5.10,-11.75,-17.16,-11.06,-13.80],0.000000,0.000000,0,0
12,1.870000,174,22.333565,114.263299,1.162644,226.590000,12,20,2024,3,39,40,0,0,[-13.24,-17.92,-15.93,-11.03,-14.04,-7.45,-8.96,-9.90,-5.71,-4.06],0.000000,0.000000,0,0
12,1.870000,11,22.333568,114.263288,1.291256,264.620000,12,20,2024,3,39,41,0,0,[-7.74,-12.07,-2.99,2.39,0.84,5.98,5.69,7.07,5.96,7.95],0.000000,0.000000,0,0
12,1.870000,1038,22.333568,114.263288,1.291256,264.620000,12,20,2024,3,39,41,0,0,[5.79,0.51,2.11,5.59,6.56,8.23,9.37,9.32,5.16,5.77],0.000000,0.000000,0,0
12,1.200000,798,22.333581,114.263269,1.352989,306.430000,12,20,2024,3,39,43,0,0,[5.71,-1.95,-3.60,-2.01,-4.26,-5.54,-0.76,-5.58,-7.28,-3.47],0.000000,0.000000,0,0
12,1.200000,732,22.333589,114.263261,1.342700,310.210000,12,20,2024,3,39,44,0,0,[-5.47,-12.39,-15.38,-7.14,-9.35,-10.66,-4.20,-5.07,-1.90,-5.38],0.000000,0.000000,0,0
12,1.180000,680,22.333596,114.263251,1.502178,313.180000,12,20,2024,3,39,45,0,0,[1.45,-5.15,-3.37,1.29,4.59,1.11,7.01,9.37,5.75,6.72],0.000000,0.000000,0,0
12,1.070000,628,22.333600,114.263241,1.471311,312.330000,12,20,2024,3,39,46,0,0,[10.64,7.03,8.09,9.05,11.37,7.97,12.70,14.89,16.09,6.17],0.000000,0.000000,0,0
12,1.070000,576,22.333611,114.263232,1.687378,319.330000,12,20,2024,3,39,47,0,0,[11.86,7.52,5.57,-1.52,2.91,0.41,-0.05,-1.51,2.60,-8.24],0.000000,0.000000,0,0
12,1.180000,524,22.333620,114.263223,1.322122,316.960000,12,20,2024,3,39,48,0,0,[-9.51,-9.44,-12.41,-16.28,-10.95,-7.63,-14.56,-10.92,-11.37,-15.92],0.000000,0.000000,0,0
12,1.180000,465,22.333630,114.263215,1.358133,316.990000,12,20,2024,3,39,49,0,0,[-12.71,-8.17,-11.96,-9.28,-7.81,2.96,1.96,6.34,9.58,10.13],0.000000,0.000000,0,0
12,1.180000,232,22.333649,114.263195,1.743967,318.450000,12,20,2024,3,39,51,0,0,[12.68,12.39,10.65,7.01,5.17,14.24,8.44,9.46,11.04,11.59],0.000000,0.000000,0,0
12,1.180000,1259,22.333649,114.263195,1.743967,318.450000,12,20,2024,3,39,51,0,0,[5.57,10.00,5.92,6.46,-1.61,-0.33,-0.76,-1.49,-0.93,-1.06],0.000000,0.000000,0,0
12,1.180000,2289,22.333649,114.263195,1.743967,318.450000,12,20,2024,3,39,51,0,0,[-5.40,-2.98,-7.83,-11.56,-11.11,-9.42,-12.92,-10.20,-11.48,-3.77],0.000000,0.000000,0,0
12,1.180000,1025,22.333670,114.263177,1.430156,321.570000,12,20,2024,3,39,53,0,0,[-14.96,-12.21,-9.49,-17.86,-13.45,-9.14,-0.77,-4.68,2.97,5.66],0.000000,0.000000,0,0
12,0.990000,939,22.333670,114.263167,1.070044,312.480000,12,20,2024,3,39,54,0,0,[8.64,1.65,9.55,6.55,6.57,4.30,11.95,10.38,10.74,9.32],0.000000,0.000000,0,0
12,1.070000,838,22.333676,114.263159,1.368422,318.740000,12,20,2024,3,39,55,0,0,[12.18,-0.99,8.02,3.75,1.60,-3.47,-1.30,-1.28,-3.87,-3.67],0.000000,0.000000,0,0
12,1.220000,751,22.333682,114.263149,1.363278,315.350000,12,20,2024,3,39,56,0,0,[2.24,-8.53,-6.26,-5.40,-12.33,-15.53,-8.78,-12.90,-10.24,-5.41],0.000000,0.000000,0,0
12,1.140000,667,22.333689,114.263139,1.461022,297.410000,12,20,2024,3,39,57,0,0,[-10.00,-9.80,-14.09,-10.52,-13.68,-14.08,-10.90,-1.08,-3.21,0.02],0.000000,0.000000,0,0
12,1.220000,504,22.333697,114.263127,1.358133,303.530000,12,20,2024,3,39,58,0,0,[1.04,4.51,0.11,7.81,7.70,4.84,3.69,7.23,10.63,11.29],0.000000,0.000000,0,0
12,1.220000,109,22.333713,114.263109,1.507322,313.340000,12,20,2024,3,40,0,0,0,[11.83,14.99,6.05,14.54,10.94,6.48,0.31,4.87,2.22,-2.63],0.000000,0.000000,0,0
12,1.080000,106,22.333717,114.263098,1.332411,317.330000,12,20,2024,3,40,1,0,0,[2.87,1.85,0.56,1.45,-2.64,-6.83,-10.01,-10.01,-2.34,-3.50],0.000000,0.000000,0,0
12,1.080000,16,22.333724,114.263090,1.327267,320.160000,12,20,2024,3,40,2,0,0,[-2.71,-5.89,-7.60,-5.76,-1.65,-2.04,-12.46,-17.45,-3.85,-6.15],0.000000,0.000000,0,0
12,1.080000,1043,22.333724,114.263090,1.327267,320.160000,12,20,2024,3,40,2,0,0,[-6.47,-5.75,-0.50,-2.79,0.55,-2.54,-2.43,-1.23,4.81,0.40],0.000000,0.000000,0,0
12,1.130000,957,22.333731,114.263082,1.352989,322.030000,12,20,2024,3,40,3,0,0,[0.70,8.59,12.38,5.82,9.46,5.88,0.14,-2.89,-2.88,-4.22],0.000000,0.000000,0,0
12,1.080000,865,22.333741,114.263074,1.327267,322.850000,12,20,2024,3,40,4,0,0,[-5.74,-0.85,1.10,-5.28,-4.42,-5.67,-15.00,-16.17,-9.08,-10.58],0.000000,0.000000,0,0
12,1.020000,701,22.333750,114.263066,1.378711,323.630000,12,20,2024,3,40,5,0,0,[-12.34,-6.54,-1.20,-2.40,-1.16,4.68,1.19,-0.94,7.73,10.62],0.000000,0.000000,0,0
12,0.980000,372,22.333768,114.263052,1.409578,323.990000,12,20,2024,3,40,7,0,0,[9.98,17.61,20.88,18.18,22.70,24.47,26.83,21.57,27.92,400.00],0.000000,0.000000,0,0
12,0.860000,296,22.333778,114.263044,1.455878,326.870000,12,20,2024,3,40,8,0,0,[33.75,33.26,34.79,34.15,30.93,31.50,29.78,24.61,18.35,24.91],0.000000,0.000000,0,0
12,0.840000,218,22.333788,114.263035,1.517611,326.270000,12,20,2024,3,40,9,0,0,[31.35,27.54,32.40,32.72,30.24,26.50,28.62,24.89,21.20,30.38],0.000000,0.000000,0,0
12,0.890000,139,22.333798,114.263027,1.383856,327.000000,12,20,2024,3,40,10,0,0,[34.07,27.38,34.86,29.41,18.69,26.10,20.99,24.28,22.84,22.90],0.000000,0.000000,0,0
12,0.890000,60,22.333807,114.263019,1.435300,330.230000,12,20,2024,3,40,11,0,0,[32.14,27.63,32.37,31.54,23.21,17.72,29.28,23.61,22.21,22.24],0.000000,0.000000,0,0
12,0.890000,14,22.333817,114.263010,1.502178,330.840000,12,20,2024,3,40,12,0,0,[28.04,29.33,24.90,26.98,31.87,24.28,24.65,20.26,20.46,21.22],0.000000,0.000000,0,0
12,0.840000,929,22.333817,114.263010,1.502178,330.840000,12,20,2024,3,40,12,0,0,[27.14,20.68,22.06,27.26,30.46,22.11,27.01,26.46,23.70,23.64],0.000000,0.000000,0,0
12,0.910000,584,22.333841,114.262997,1.455878,327.690000,12,20,2024,3,40,14,0,0,[29.61,32.88,29.28,34.34,36.57,26.45,29.93,24.10,14.31,16.67],0.000000,0.000000,0,0
12,0.840000,520,22.333852,114.262995,1.425011,319.890000,12,20,2024,3,40,15,0,0,[25.45,25.60,24.80,34.77,38.04,19.04,30.15,29.92,28.20,22.42],0.000000,0.000000,0,0
12,0.840000,454,22.333860,114.262990,1.569056,319.920000,12,20,2024,3,40,16,0,0,[27.19,24.59,23.02,31.39,32.85,21.85,32.74,30.01,28.66,24.81],0.000000,0.000000,0,0
12,0.960000,353,22.333870,114.262982,1.373567,319.410000,12,20,2024,3,40,17,0,0,[32.69,33.16,30.58,35.06,42.50,30.12,31.88,29.04,22.95,19.80],0.000000,0.000000,0,0
12,0.870000,285,22.333879,114.262975,1.409578,319.110000,12,20,2024,3,40,18,0,0,[25.12,30.58,23.04,34.81,24.44,27.69,30.46,31.49,30.29,20.48],0.000000,0.000000,0,0
12,0.870000,218,22.333887,114.262969,1.404433,324.980000,12,20,2024,3,40,19,0,0,[20.81,29.09,25.99,31.40,36.40,32.20,28.81,31.08,24.34,24.56],0.000000,0.000000,0,0
12,0.900000,58,22.333894,114.262963,1.270678,328.360000,12,20,2024,3,40,20,0,0,[18.96,25.22,21.14,25.79,29.37,26.43,23.15,28.20,27.64,25.50],0.000000,0.000000,0,0
12,0.900000,1085,22.333894,114.262963,1.270678,328.360000,12,20,2024,3,40,20,0,0,[28.04,35.12,27.38,29.16,32.61,36.16,26.84,31.32,25.85,25.33],0.000000,0.000000,0,0
12,0.840000,709,22.333915,114.262951,1.203800,333.880000,12,20,2024,3,40,22,0,0,[19.72,26.07,24.69,24.52,31.73,34.48,25.24,30.20,30.81,29.35],0.000000,0.000000,0,0
12,0.870000,623,22.333926,114.262945,1.419867,335.840000,12,20,2024,3,40,23,0,0,[20.88,26.83,26.36,24.67,35.20,36.95,26.22,30.48,31.97,28.75],0.000000,0.000000,0,0
12,0.870000,538,22.333937,114.262939,1.430156,335.760000,12,20,2024,3,40,24,0,0,[24.98,24.67,24.16,28.57,30.33,32.47,31.01,30.23,32.12,27.39],0.000000,0.000000,0,0
12,0.870000,452,22.333948,114.262932,1.440444,336.020000,12,20,2024,3,40,25,0,0,[24.62,25.86,31.43,25.14,30.50,38.81,30.61,25.42,31.39,25.85],0.000000,0.000000,0,0
12,0.870000,288,22.333959,114.262926,1.399289,335.780000,12,20,2024,3,40,26,0,0,[24.38,19.72,22.33,22.11,23.84,27.51,31.32,27.05,31.06,28.61],0.000000,0.000000,0,0
12,0.870000,1316,22.333959,114.262926,1.399289,335.780000,12,20,2024,3,40,26,0,0,[27.12,21.60,33.53,35.06,27.47,36.62,33.10,21.43,28.12,24.24],0.000000,0.000000,0,0
12,0.870000,956,22.333982,114.262912,1.461022,332.150000,12,20,2024,3,40,28,0,0,[24.21,19.79,25.27,27.65,25.62,33.59,33.10,24.75,23.32,24.30],0.000000,0.000000,0,0
12,0.870000,879,22.333992,114.262905,1.419867,334.280000,12,20,2024,3,40,29,0,0,[26.36,25.89,24.79,25.62,20.08,29.70,31.83,26.44,26.86,29.23],0.000000,0.000000,0,0
12,0.870000,803,22.334002,114.262899,1.280967,333.020000,12,20,2024,3,40,30,0,0,[26.93,27.82,25.76,34.36,28.53,28.84,33.50,29.94,21.57,30.04],0.000000,0.000000,0,0
12,0.870000,726,22.334013,114.262893,1.404433,335.130000,12,20,2024,3,40,31,0,0,[25.92,22.26,17.62,23.98,27.96,21.08,35.49,31.08,28.62,36.97],0.000000,0.000000,0,0
12,0.870000,647,22.334025,114.262887,1.491889,336.890000,12,20,2024,3,40,32,0,0,[31.58,28.17,24.86,30.55,27.22,23.29,37.73,31.61,18.54,25.66],0.000000,0.000000,0,0
12,0.900000,564,22.334038,114.262884,1.322122,345.920000,12,20,2024,3,40,33,0,0,[22.18,18.10,20.91,23.12,24.30,22.99,34.13,33.34,31.27,28.64],0.000000,0.000000,0,0
12,0.840000,399,22.334049,114.262881,1.157500,343.460000,12,20,2024,3,40,34,0,0,[29.92,24.50,26.70,18.25,25.81,28.14,26.53,33.98,37.38,25.57],0.000000,0.000000,0,0
12,0.840000,178,22.334072,114.262871,1.543333,341.050000,12,20,2024,3,40,36,0,0,[30.07,27.03,27.02,19.64,21.40,23.26,23.32,31.46,33.16,26.41],0.000000,0.000000,0,0
12,0.840000,168,22.334085,114.262867,1.543333,343.870000,12,20,2024,3,40,37,0,0,[29.77,31.87,27.46,24.36,26.23,33.50,29.39,37.90,39.28,30.87],0.000000,0.000000,0,0
12,0.840000,151,22.334098,114.262863,1.368422,345.370000,12,20,2024,3,40,38,0,0,[30.67,25.81,28.34,19.23,19.80,26.14,19.19,26.49,33.38,29.38],0.000000,0.000000,0,0
12,0.850000,123,22.334108,114.262862,1.018600,348.950000,12,20,2024,3,40,39,0,0,[26.51,29.15,25.56,25.53,24.58,35.17,31.40,27.02,31.65,31.36],0.000000,0.000000,0,0
12,0.840000,100,22.334119,114.262862,1.342700,359.800000,12,20,2024,3,40,40,0,0,[22.66,32.82,28.19,21.50,14.39,18.36,18.86,15.47,24.97,27.71],0.000000,0.000000,0,0
12,0.840000,77,22.334132,114.262864,1.399289,4.670000,12,20,2024,3,40,41,0,0,[20.64,24.14,25.65,18.47,24.15,25.56,26.42,24.08,33.08,25.12],0.000000,0.000000,0,0
12,0.840000,53,22.334145,114.262866,1.414722,7.750000,12,20,2024,3,40,42,0,0,[19.85,20.40,22.31,12.62,13.53,12.64,12.59,10.60,14.44,400.00],0.000000,0.000000,0,0
12,0.840000,45,22.334159,114.262868,1.311833,9.600000,12,20,2024,3,40,43,0,0,[11.27,7.16,7.26,11.27,8.74,6.65,10.74,20.78,16.85,29.06],0.000000,0.000000,0,0
12,0.840000,40,22.334172,114.262871,1.497033,9.770000,12,20,2024,3,40,44,0,0,[32.13,29.60,28.30,33.95,29.93,31.15,28.12,28.58,34.65,32.01],0.000000,0.000000,0,0
12,0.840000,33,22.334185,114.262871,1.368422,4.110000,12,20,2024,3,40,45,0,0,[38.44,37.08,26.23,25.43,23.78,20.60,12.77,23.91,14.53,9.65],0.000000,0.000000,0,0
12,0.840000,17,22.334198,114.262871,1.347844,4.070000,12,20,2024,3,40,46,0,0,[18.73,18.60,12.87,22.26,22.59,21.51,22.34,24.31,26.44,28.73],0.000000,0.000000,0,0
12,0.840000,8,22.334211,114.262871,1.363278,359.630000,12,20,2024,3,40,47,0,0,[31.73,40.50,35.00,35.77,36.34,27.67,27.31,23.09,21.01,17.42],0.000000,0.000000,0,0
12,0.840000,0,22.334224,114.262869,1.311833,357.620000,12,20,2024,3,40,48,0,0,[20.16,15.47,14.94,9.79,7.10,2.05,-0.63,-4.63,-3.08,-5.81],0.000000,0.000000,0,0
12,0.890000,1024,22.334224,114.262869,1.311833,357.620000,12,20,2024,3,40,48,0,0,[-5.23,-6.72,0.29,-9.69,-6.62,-12.28,-9.46,-8.80,-6.24,-1.37],0.000000,0.000000,0,0
12,0.840000,864,22.334236,114.262868,1.409578,354.170000,12,20,2024,3,40,49,0,0,[-1.07,4.70,13.41,1.23,10.06,3.14,5.01,-7.58,-4.93,0.79],0.000000,0.000000,0,0
12,0.840000,597,22.334262,114.262862,1.414722,348.340000,12,20,2024,3,40,51,0,0,[-0.99,-3.40,4.29,-1.91,-3.96,-2.93,-4.00,-13.41,-8.45,-5.75],0.000000,0.000000,0,0
12,0.840000,591,22.334275,114.262859,1.409578,348.680000,12,20,2024,3,40,52,0,0,[-10.87,-5.56,4.75,-1.32,7.01,4.57,1.48,-5.73,0.56,-7.68],0.000000,0.000000,0,0
12,0.840000,586,22.334288,114.262856,1.455878,347.520000,12,20,2024,3,40,53,0,0,[-9.10,-5.91,1.82,-6.16,-6.52,-5.04,-15.42,-14.73,-9.91,-5.88],0.000000,0.000000,0,0
12,0.840000,584,22.334301,114.262853,1.466167,348.640000,12,20,2024,3,40,54,0,0,[-10.12,4.03,2.18,-0.27,6.31,4.37,-0.48,-3.80,-8.53,-2.77],0.000000,0.000000,0,0
12,0.840000,580,22.334315,114.262850,1.435300,346.890000,12,20,2024,3,40,55,0,0,[-6.85,-0.57,-2.75,-3.00,-5.36,-6.44,-10.04,-12.68,-6.35,-10.35],0.000000,0.000000,0,0
12,0.840000,577,22.334328,114.262847,1.481600,347.260000,12,20,2024,3,40,56,0,0,[-8.59,-5.77,1.28,-3.49,-8.67,3.31,-0.86,1.28,2.39,7.27],0.000000,0.000000,0,0
12,0.840000,578,22.334341,114.262844,1.425011,345.370000,12,20,2024,3,40,57,0,0,[5.94,1.89,8.39,6.36,0.00,1.24,-1.58,-2.88,-7.22,-5.40],0.000000,0.000000,0,0
12,0.840000,476,22.334354,114.262840,1.486744,347.650000,12,20,2024,3,40,58,0,0,[-12.07,-5.08,-4.85,0.92,-7.71,-1.14,3.96,-0.10,-5.05,2.42],0.000000,0.000000,0,0
12,0.840000,380,22.334367,114.262838,1.450733,349.220000,12,20,2024,3,40,59,0,0,[4.60,6.27,7.84,7.81,0.74,7.10,2.15,2.28,-2.52,-4.33],0.000000,0.000000,0,0
12,0.840000,284,22.334381,114.262836,1.507322,349.880000,12,20,2024,3,41,0,0,0,[-7.39,-5.43,-2.56,-2.39,-12.04,-4.54,-10.25,-16.06,-18.39,-6.41],0.000000,0.000000,0,0
12,0.910000,121,22.334394,114.262833,1.507322,351.430000,12,20,2024,3,41,1,0,0,[-4.94,-5.17,-4.22,3.32,-5.21,1.87,5.55,3.47,2.15,5.32],0.000000,0.000000,0,0
12,0.910000,1148,22.334394,114.262833,1.507322,351.430000,12,20,2024,3,41,1,0,0,[8.69,0.23,9.73,9.45,3.24,5.03,6.43,3.97,5.75,2.58],0.000000,0.000000,0,0
12,0.960000,801,22.334420,114.262830,1.476456,351.090000,12,20,2024,3,41,3,0,0,[6.01,4.51,4.54,7.37,4.92,-0.04,-2.56,-7.83,-2.98,-10.56],0.000000,0.000000,0,0
12,0.920000,778,22.334433,114.262828,1.466167,349.030000,12,20,2024,3,41,4,0,0,[-6.83,-10.78,-3.88,-3.99,-8.68,-8.88,-8.74,-13.07,-12.76,-11.45],0.000000,0.000000,0,0
12,0.870000,794,22.334446,114.262823,1.461022,340.800000,12,20,2024,3,41,5,0,0,[0.08,-4.23,2.83,2.08,-6.13,-1.97,6.31,3.03,3.83,-0.78],0.000000,0.000000,0,0
12,0.870000,811,22.334458,114.262816,1.543333,334.140000,12,20,2024,3,41,6,0,0,[8.70,5.26,8.18,10.85,11.65,5.95,4.28,3.12,0.39,-5.34],0.000000,0.000000,0,0
12,0.870000,826,22.334471,114.262811,1.548478,337.560000,12,20,2024,3,41,7,0,0,[3.21,-0.02,0.60,3.67,1.46,-8.86,-3.35,-7.89,-8.08,-12.04],0.000000,0.000000,0,0
12,0.870000,816,22.334483,114.262805,1.455878,335.850000,12,20,2024,3,41,8,0,0,[-5.07,-10.19,-6.30,-0.49,0.03,-11.59,-8.29,-11.17,-8.11,-8.74],0.000000,0.000000,0,0
12,0.840000,806,22.334495,114.262799,1.425011,331.530000,12,20,2024,3,41,9,0,0,[-4.73,-2.43,-0.93,-0.44,3.14,0.91,6.15,4.87,5.35,-0.74],0.000000,0.000000,0,0
12,0.870000,795,22.334506,114.262792,1.419867,330.870000,12,20,2024,3,41,10,0,0,[5.62,4.74,4.50,6.24,10.55,3.68,4.30,0.31,0.60,-4.12],0.000000,0.000000,0,0
12,0.840000,791,22.334517,114.262785,1.466167,331.460000,12,20,2024,3,41,11,0,0,[-8.69,-5.46,-6.35,-5.40,-2.81,-0.86,-13.54,-7.22,-4.55,-8.79],0.000000,0.000000,0,0
12,0.840000,788,22.334528,114.262778,1.368422,329.790000,12,20,2024,3,41,12,0,0,[-16.21,-5.02,-1.47,-1.95,9.46,3.65,1.74,4.66,0.83,1.54],0.000000,0.000000,0,0
12,0.840000,785,22.334539,114.262772,1.389000,330.730000,12,20,2024,3,41,13,0,0,[8.58,7.82,7.90,10.44,9.05,14.37,-1.11,7.29,5.56,3.40],0.000000,0.000000,0,0
12,0.940000,781,22.334550,114.262766,1.373567,331.150000,12,20,2024,3,41,14,0,0,[0.60,0.31,1.73,0.86,1.69,6.07,-2.88,0.45,-4.11,-4.83],0.000000,0.000000,0,0
12,0.860000,778,22.334560,114.262757,1.455878,316.470000,12,20,2024,3,41,15,0,0,[-8.59,-4.15,1.90,-4.85,0.28,5.33,-4.58,3.29,4.96,400.00],0.000000,0.000000,0,0
12,0.890000,777,22.334570,114.262748,1.347844,317.270000,12,20,2024,3,41,16,0,0,[-1.41,-0.42,3.63,7.83,7.75,14.38,9.83,4.99,8.24,8.61],0.000000,0.000000,0,0
12,0.840000,772,22.334579,114.262739,1.389000,316.170000,12,20,2024,3,41,17,0,0,[5.37,0.53,-2.54,11.87,1.85,2.50,3.92,4.41,-8.00,1.34],0.000000,0.000000,0,0
12,0.840000,766,22.334587,114.262730,1.229522,314.280000,12,20,2024,3,41,18,0,0,[-2.20,-2.46,-8.70,-6.08,-6.41,-5.35,-4.26,-1.42,-8.58,0.34],0.000000,0.000000,0,0
12,0.840000,786,22.334597,114.262725,1.332411,331.930000,12,20,2024,3,41,19,0,0,[0.55,-2.23,-3.04,1.44,5.92,5.13,13.65,11.73,3.77,4.72],0.000000,0.000000,0,0
12,0.840000,624,22.334609,114.262722,1.368422,339.170000,12,20,2024,3,41,20,0,0,[4.57,-1.18,-3.93,-0.44,-8.06,-3.74,-1.81,-1.00,-5.70,-8.20],0.000000,0.000000,0,0
12,0.870000,300,22.334632,114.262721,1.440444,352.920000,12,20,2024,3,41,22,0,0,[-3.80,-12.60,-3.58,-9.77,-8.39,-0.47,4.80,3.97,8.55,5.77],0.000000,0.000000,0,0
12,0.870000,205,22.334645,114.262720,1.378711,354.030000,12,20,2024,3,41,23,0,0,[6.96,5.04,8.87,8.78,9.11,9.78,7.20,10.14,11.27,2.87],0.000000,0.000000,0,0
12,0.870000,104,22.334658,114.262720,1.425011,357.240000,12,20,2024,3,41,24,0,0,[9.64,1.88,3.36,-0.23,2.18,-0.19,0.13,-1.51,-2.43,-8.22],0.000000,0.000000,0,0
12,0.840000,124,22.334671,114.262720,1.419867,359.860000,12,20,2024,3,41,25,0,0,[-6.01,-9.04,-7.54,-12.18,-12.33,-9.94,-12.87,-7.52,-5.18,-13.50],0.000000,0.000000,0,0
12,0.840000,26,22.334684,114.262721,1.414722,3.080000,12,20,2024,3,41,26,0,0,[-7.36,-5.30,-5.91,-8.90,-1.83,1.52,1.88,7.62,6.55,1.78],0.000000,0.000000,0,0
12,0.840000,1053,22.334684,114.262721,1.414722,3.080000,12,20,2024,3,41,26,0,0,[8.43,9.17,7.88,2.46,7.20,11.94,6.90,14.69,14.68,12.30],0.000000,0.000000,0,0
12,0.840000,892,22.334697,114.262721,1.461022,1.060000,12,20,2024,3,41,27,0,0,[10.49,13.38,7.39,7.66,14.02,17.43,9.79,14.75,14.56,6.46],0.000000,0.000000,0,0
12,0.840000,481,22.334724,114.262724,1.471311,2.940000,12,20,2024,3,41,29,0,0,[4.90,4.60,2.80,4.56,1.01,-3.18,-1.83,1.87,-0.08,-2.51],0.000000,0.000000,0,0
12,0.840000,379,22.334736,114.262724,1.275822,357.920000,12,20,2024,3,41,30,0,0,[-8.58,-8.34,-8.83,-10.22,-10.62,-12.28,-13.98,-11.23,-8.41,-11.64],0.000000,0.000000,0,0
12,0.840000,398,22.334749,114.262723,1.394144,358.010000,12,20,2024,3,41,31,0,0,[-9.47,-11.23,-11.78,-7.81,-14.08,-10.30,-7.66,-7.00,-2.74,-2.42],0.000000,0.000000,0,0
12,0.840000,421,22.334761,114.262722,1.332411,358.750000,12,20,2024,3,41,32,0,0,[-3.97,-1.30,0.62,-3.17,-5.63,3.54,4.93,5.65,11.73,10.16],0.000000,0.000000,0,0
12,0.840000,325,22.334774,114.262723,1.409578,4.060000,12,20,2024,3,41,33,0,0,[0.45,13.05,10.68,6.06,-0.29,8.42,14.77,8.00,12.69,16.43],0.000000,0.000000,0,0
12,0.840000,314,22.334787,114.262724,1.414722,2.900000,12,20,2024,3,41,34,0,0,[7.76,3.59,7.90,6.55,1.72,6.92,5.42,5.07,8.22,7.15],0.000000,0.000000,0,0
12,0.840000,305,22.334800,114.262725,1.404433,4.230000,12,20,2024,3,41,35,0,0,[3.44,0.47,3.04,-1.68,-2.00,0.00,-1.18,-5.36,-3.70,-5.60],0.000000,0.000000,0,0
12,0.890000,299,22.334813,114.262726,1.389000,2.260000,12,20,2024,3,41,36,0,0,[-6.52,-14.36,-10.43,-12.49,-20.20,-22.49,-23.68,-24.62,-24.20,-24.21],0.000000,0.000000,0,0
12,0.840000,137,22.334825,114.262723,1.358133,352.430000,12,20,2024,3,41,37,0,0,[-24.82,-35.63,-35.35,-37.95,-32.78,-43.92,-39.14,-43.23,-36.87,-30.02],0.000000,0.000000,0,0
12,0.840000,1165,22.334825,114.262723,1.358133,352.430000,12,20,2024,3,41,37,0,0,[-25.26,-42.74,-32.52,-30.20,-35.71,-38.75,-33.95,-29.45,-33.86,-31.16],0.000000,0.000000,0,0
12,0.860000,894,22.334852,114.262723,1.383856,359.710000,12,20,2024,3,41,39,0,0,[-25.08,-34.22,-32.42,-35.00,-41.99,-39.46,-31.34,-32.14,-41.03,-33.42],0.000000,0.000000,0,0
12,0.920000,890,22.334865,114.262725,1.440444,9.720000,12,20,2024,3,41,40,0,0,[-30.13,-39.72,-34.15,-37.80,-40.23,-46.34,-35.04,-30.20,-35.83,-32.51],0.000000,0.000000,0,0
12,0.870000,885,22.334879,114.262726,1.533044,2.250000,12,20,2024,3,41,41,0,0,[-31.57,-35.51,-40.00,-38.91,-40.39,-37.96,-38.21,-34.23,-36.96,-37.54],0.000000,0.000000,0,0
12,0.870000,883,22.334893,114.262727,1.517611,3.890000,12,20,2024,3,41,42,0,0,[-30.80,-33.04,-45.24,-33.87,-38.27,-35.11,-44.49,-29.26,-33.10,-41.14],0.000000,0.000000,0,0
12,0.870000,879,22.334906,114.262729,1.425011,8.240000,12,20,2024,3,41,43,0,0,[-32.16,-29.04,-48.06,-33.20,-35.45,-39.26,-47.25,-37.87,-31.87,-35.61],0.000000,0.000000,0,0
12,0.870000,881,22.334919,114.262733,1.394144,11.040000,12,20,2024,3,41,44,0,0,[-33.72,-27.24,-38.16,-35.59,-36.05,-33.25,-41.91,-34.14,-31.43,-35.06],0.000000,0.000000,0,0
12,0.840000,910,22.334931,114.262736,1.352989,9.980000,12,20,2024,3,41,45,0,0,[-34.68,-26.35,-33.80,-33.58,-35.88,-40.44,-46.37,-29.06,-36.94,-37.96],0.000000,0.000000,0,0
12,0.840000,911,22.334943,114.262739,1.270678,10.990000,12,20,2024,3,41,46,0,0,[-35.74,-33.10,-36.80,-39.16,-33.33,-41.94,-47.61,-39.77,-35.08,-36.25],0.000000,0.000000,0,0
12,0.840000,910,22.334955,114.262742,1.368422,11.890000,12,20,2024,3,41,47,0,0,[-33.42,-27.81,-32.76,-39.19,-35.53,-38.59,-35.94,-38.29,-33.66,-32.02],0.000000,0.000000,0,0
12,0.840000,815,22.334967,114.262745,1.306689,8.620000,12,20,2024,3,41,48,0,0,[-33.22,-24.76,-31.33,-40.77,-34.17,-36.72,-34.63,-46.25,-37.52,-35.93],0.000000,0.000000,0,0
12,0.840000,719,22.334980,114.262747,1.440444,5.850000,12,20,2024,3,41,49,0,0,[-33.65,-34.34,-24.55,-39.22,-32.54,-32.65,-42.16,-41.64,-37.65,-35.80],0.000000,0.000000,0,0
12,0.840000,717,22.334990,114.262751,1.131778,15.610000,12,20,2024,3,41,50,0,0,[-40.23,-34.56,-32.20,-42.24,-39.42,-33.58,-42.93,-45.22,-41.62,-27.83],0.000000,0.000000,0,0
12,0.840000,564,22.335001,114.262754,1.322122,8.450000,12,20,2024,3,41,51,0,0,[-30.72,-37.94,-36.99,-29.71,-35.52,-30.96,-33.99,-33.54,-39.57,-32.02],0.000000,0.000000,0,0
12,0.870000,323,22.335028,114.262752,1.553622,354.600000,12,20,2024,3,41,53,0,0,[-34.76,-31.28,-35.83,-35.93,-36.02,-33.99,-34.03,-34.55,-34.01,-33.04],0.000000,0.000000,0,0
12,0.870000,321,22.335042,114.262750,1.399289,356.420000,12,20,2024,3,41,54,0,0,[-32.01,-32.81,-30.13,-27.27,-35.52,-26.82,-31.54,-38.93,-42.81,-36.28],0.000000,0.000000,0,0
12,0.870000,319,22.335055,114.262750,1.435300,357.350000,12,20,2024,3,41,55,0,0,[-38.03,-34.29,-34.88,-28.48,-34.09,-37.55,-32.77,-40.43,-45.30,-34.90],0.000000,0.000000,0,0
12,0.870000,317,22.335068,114.262750,1.414722,355.430000,12,20,2024,3,41,56,0,0,[-31.51,-36.42,-32.93,-29.04,-38.11,-32.23,-30.33,-35.91,-33.56,-31.32],0.000000,0.000000,0,0
12,0.870000,315,22.335081,114.262749,1.450733,353.990000,12,20,2024,3,41,57,0,0,[-34.69,-32.93,-30.97,-31.30,-27.44,-34.33,-30.54,-34.82,-31.28,-37.88],0.000000,0.000000,0,0
12,0.870000,318,22.335094,114.262749,1.368422,0.150000,12,20,2024,3,41,58,0,0,[-33.78,-35.78,-38.22,-34.06,-34.12,-41.18,-36.17,-34.65,-40.81,-47.10],0.000000,0.000000,0,0
12,0.840000,316,22.335108,114.262748,1.455878,357.770000,12,20,2024,3,41,59,0,0,[-34.28,-36.73,-41.53,-38.10,-32.40,-36.98,-40.11,-40.47,-46.00,-50.65],0.000000,0.000000,0,0
12,0.840000,313,22.335121,114.262746,1.497033,353.300000,12,20,2024,3,42,0,0,0,[-38.52,-38.31,-44.26,-34.07,-33.89,-35.80,-36.66,-39.59,-46.30,-47.11],0.000000,0.000000,0,0
12,0.840000,307,22.335135,114.262745,1.522756,352.630000,12,20,2024,3,42,1,0,0,[-41.23,-34.91,-41.11,-40.29,-36.59,-42.59,-42.74,-41.11,-45.24,-44.00],0.000000,0.000000,0,0
12,0.920000,306,22.335148,114.262745,1.286111,358.610000,12,20,2024,3,42,2,0,0,[-49.90,-40.88,-41.73,-37.20,-34.87,-30.22,-36.92,-35.52,-32.49,-40.48],0.000000,0.000000,0,0
12,0.840000,297,22.335161,114.262745,1.502178,357.100000,12,20,2024,3,42,3,0,0,[-39.71,-37.75,-33.97,-41.64,-42.32,-33.91,-44.83,-41.67,-47.96,-50.66],0.000000,0.000000,0,0
12,0.870000,280,22.335174,114.262743,1.399289,356.080000,12,20,2024,3,42,4,0,0,[-52.34,-39.25,-39.76,-43.70,-38.11,-29.11,-37.87,-38.39,-34.25,-45.82],0.000000,0.000000,0,0
12,0.840000,268,22.335188,114.262742,1.461022,355.130000,12,20,2024,3,42,5,0,0,[-44.36,-36.52,-41.56,-40.27,-40.16,-34.74,-41.18,-38.01,-43.43,-47.37],0.000000,0.000000,0,0
12,0.860000,255,22.335201,114.262741,1.378711,356.390000,12,20,2024,3,42,6,0,0,[-51.84,-40.42,-42.43,-39.87,-41.37,-37.71,-40.55,-39.12,-36.17,-40.08],0.000000,0.000000,0,0
12,0.840000,247,22.335213,114.262741,1.419867,355.730000,12,20,2024,3,42,7,0,0,[-42.67,-42.07,-35.91,-39.56,-35.91,-37.42,-40.71,-44.66,-42.19,-46.72],0.000000,0.000000,0,0
12,0.920000,239,22.335227,114.262739,1.445589,354.370000,12,20,2024,3,42,8,0,0,[-42.80,-44.28,-40.15,-43.38,-40.74,-33.47,-33.71,-35.50,-34.87,-34.63],0.000000,0.000000,0,0
12,0.920000,233,22.335240,114.262738,1.409578,355.360000,12,20,2024,3,42,9,0,0,[-45.65,-47.06,-37.52,-45.96,-45.34,-39.65,-36.39,-52.15,-48.58,-41.05],0.000000,0.000000,0,0
12,0.920000,227,22.335250,114.262737,0.982589,357.590000,12,20,2024,3,42,10,0,0,[-38.98,-43.77,-33.16,-39.78,-41.55,-39.98,-40.17,-41.56,-43.35,-42.90],0.000000,0.000000,0,0
12,0.940000,67,22.335262,114.262735,1.471311,346.850000,12,20,2024,3,42,11,0,0,[-48.92,-51.35,-43.36,-44.82,-47.29,-45.48,-37.57,-50.75,-47.80,-50.99],0.000000,0.000000,0,0
12,0.940000,923,22.335273,114.262730,1.352989,341.980000,12,20,2024,3,42,12,0,0,[-56.14,-55.77,-44.38,-38.55,-44.05,-36.85,-40.32,-42.93,-45.98,-45.77],0.000000,0.000000,0,0
12,0.920000,837,22.335287,114.262727,1.455878,346.760000,12,20,2024,3,42,13,0,0,[-50.76,-51.65,-42.52,-45.48,-52.35,-45.09,-43.62,-46.15,-54.90,-48.81],0.000000,0.000000,0,0
12,0.920000,835,22.335300,114.262724,1.461022,347.580000,12,20,2024,3,42,14,0,0,[-47.61,-48.40,-47.04,-42.71,-47.60,-45.35,-36.86,-36.98,-36.91,-35.11],0.000000,0.000000,0,0
12,0.920000,835,22.335313,114.262720,1.450733,341.700000,12,20,2024,3,42,15,0,0,[-34.94,-35.34,-40.15,-41.49,-38.44,-41.81,-39.74,-32.81,-46.43,-46.11],0.000000,0.000000,0,0
12,0.940000,836,22.335324,114.262714,1.399289,340.040000,12,20,2024,3,42,16,0,0,[-47.92,-48.05,-50.01,-41.70,-43.80,-45.26,-37.18,-38.50,-39.57,-33.57],0.000000,0.000000,0,0
12,0.920000,736,22.335337,114.262712,1.301544,344.650000,12,20,2024,3,42,17,0,0,[-36.16,-39.00,-41.08,-37.91,-39.03,-41.21,-41.93,-38.98,-46.36,-45.13],0.000000,0.000000,0,0
12,0.960000,635,22.335350,114.262708,1.476456,343.690000,12,20,2024,3,42,18,0,0,[-49.13,-44.27,-54.54,-41.91,-36.62,-43.61,-41.12,-39.53,-45.38,-44.76],0.000000,0.000000,0,0
12,0.980000,531,22.335363,114.262705,1.558767,347.940000,12,20,2024,3,42,19,0,0,[-42.94,-52.80,-54.38,-44.87,-44.39,-50.20,-45.61,-39.86,-48.26,-44.70],0.000000,0.000000,0,0
12,0.870000,365,22.335377,114.262702,1.455878,347.040000,12,20,2024,3,42,20,0,0,[-37.89,-44.96,-41.59,-37.90,-42.87,-37.79,-37.06,-37.12,-38.02,-48.93],0.000000,0.000000,0,0
12,0.870000,1,22.335404,114.262697,1.579344,349.400000,12,20,2024,3,42,22,0,0,[-44.29,-44.50,-52.40,-49.11,-48.24,-46.42,-40.90,-40.85,-43.02,-50.86],0.000000,0.000000,0,0
12,0.840000,977,22.335404,114.262697,1.579344,349.400000,12,20,2024,3,42,22,0,0,[-38.33,-43.86,-42.77,-46.76,-39.44,-41.81,-31.97,-33.25,-30.06,-41.17],0.000000,0.000000,0,0
12,0.840000,875,22.335418,114.262696,1.332411,353.110000,12,20,2024,3,42,23,0,0,[-37.59,-32.40,-37.30,-41.55,-41.28,-37.27,-41.24,-38.53,-36.55,-46.92],0.000000,0.000000,0,0
12,0.870000,862,22.335431,114.262695,1.430156,355.450000,12,20,2024,3,42,24,0,0,[-41.88,-40.79,-43.53,-46.80,-34.85,-42.20,-39.90,-33.81,-36.49,-43.01],0.000000,0.000000,0,0
12,0.870000,849,22.335444,114.262692,1.533044,350.930000,12,20,2024,3,42,25,0,0,[-44.34,-41.60,-52.89,-48.11,-41.20,-38.61,-43.39,-33.90,-38.64,-37.97],0.000000,0.000000,0,0
12,0.840000,835,22.335458,114.262690,1.476456,352.560000,12,20,2024,3,42,26,0,0,[-42.46,-35.41,-40.43,-39.26,-31.03,-28.39,-23.31,-19.30,-18.20,-16.92],0.000000,0.000000,0,0
12,0.870000,814,22.335471,114.262689,1.352989,354.270000,12,20,2024,3,42,27,0,0,[-25.23,-10.98,-12.20,-12.56,-13.27,-10.65,-7.63,-5.48,1.98,1.41],0.000000,0.000000,0,0
12,0.870000,794,22.335483,114.262689,1.389000,357.010000,12,20,2024,3,42,28,0,0,[-8.65,-1.47,-0.30,-6.73,6.88,0.81,2.75,4.95,11.44,6.99],0.000000,0.000000,0,0
12,0.870000,802,22.335496,114.262686,1.322122,351.720000,12,20,2024,3,42,29,0,0,[5.77,6.61,7.57,4.44,5.11,9.67,9.66,9.26,19.60,17.41],0.000000,0.000000,0,0
12,0.870000,643,22.335508,114.262685,1.486744,359.440000,12,20,2024,3,42,30,0,0,[12.27,15.20,16.89,13.66,11.93,14.23,15.92,19.11,22.60,27.09],0.000000,0.000000,0,0
12,0.880000,475,22.335536,114.262688,1.502178,5.180000,12,20,2024,3,42,32,0,0,[20.21,14.57,22.52,13.85,19.71,16.15,20.39,19.14,24.08,24.70],0.000000,0.000000,0,0
12,0.880000,494,22.335549,114.262689,1.461022,6.380000,12,20,2024,3,42,33,0,0,[23.12,14.71,15.35,11.71,7.10,8.95,5.38,4.83,-0.36,3.56],0.000000,0.000000,0,0
12,0.970000,508,22.335563,114.262689,1.481600,358.640000,12,20,2024,3,42,34,0,0,[-2.60,-9.88,-4.62,-11.56,-11.18,-8.13,-12.47,-9.23,-5.77,-8.25],0.000000,0.000000,0,0
12,0.930000,489,22.335577,114.262689,1.497033,357.390000,12,20,2024,3,42,35,0,0,[-8.16,-17.08,-4.97,-3.12,-3.94,-3.32,-2.37,1.39,0.83,8.70],0.000000,0.000000,0,0
12,0.880000,467,22.335590,114.262688,1.378711,357.790000,12,20,2024,3,42,36,0,0,[5.78,-1.01,4.84,2.82,1.14,-2.35,2.33,3.24,-2.86,1.86],0.000000,0.000000,0,0
12,0.960000,478,22.335602,114.262688,1.435300,357.980000,12,20,2024,3,42,37,0,0,[6.69,-7.99,-3.43,-1.20,-4.86,-4.48,-2.51,-3.21,-5.36,2.27],0.000000,0.000000,0,0
12,0.970000,491,22.335615,114.262687,1.445589,356.960000,12,20,2024,3,42,38,0,0,[4.24,-10.29,-0.78,-4.82,-3.18,-10.46,-2.72,-1.29,-2.94,0.25],0.000000,0.000000,0,0
12,0.920000,505,22.335629,114.262686,1.425011,357.000000,12,20,2024,3,42,39,0,0,[5.65,-8.97,-4.70,1.48,-2.25,-8.88,3.35,-2.14,0.97,3.97],0.000000,0.000000,0,0
12,0.920000,517,22.335642,114.262686,1.440444,358.010000,12,20,2024,3,42,40,0,0,[6.79,-10.09,-0.27,-0.37,-1.23,-5.76,0.80,0.77,-1.36,4.00],0.000000,0.000000,0,0
12,0.920000,521,22.335655,114.262685,1.461022,356.870000,12,20,2024,3,42,41,0,0,[5.58,-8.08,-5.14,-3.96,-8.38,-4.66,-3.59,-6.34,1.50,2.62],0.000000,0.000000,0,0
12,0.970000,523,22.335668,114.262685,1.414722,358.920000,12,20,2024,3,42,42,0,0,[5.59,-5.71,-3.56,-5.79,-7.75,-6.63,3.83,-0.30,2.82,400.00],0.000000,0.000000,0,0
12,0.980000,536,22.335681,114.262686,1.461022,1.590000,12,20,2024,3,42,43,0,0,[-0.14,5.61,-1.19,-3.56,-3.10,-4.30,-0.46,-2.85,-2.24,-0.36],0.000000,0.000000,0,0
12,0.920000,554,22.335695,114.262686,1.476456,0.040000,12,20,2024,3,42,44,0,0,[3.29,7.18,-7.51,-3.36,-5.39,-4.41,-5.76,-5.25,-4.94,1.30],0.000000,0.000000,0,0
12,0.930000,567,22.335708,114.262685,1.461022,359.240000,12,20,2024,3,42,45,0,0,[-1.33,1.87,3.17,-6.28,-4.38,-5.88,-6.18,-0.75,-0.43,0.77],0.000000,0.000000,0,0
12,1.020000,573,22.335722,114.262685,1.491889,359.420000,12,20,2024,3,42,46,0,0,[-1.63,3.91,-4.68,-7.74,-2.70,-4.86,-4.88,-5.14,2.34,2.24],0.000000,0.000000,0,0
12,1.210000,474,22.335736,114.262684,1.491889,0.170000,12,20,2024,3,42,47,0,0,[-2.46,4.20,-3.20,-9.93,0.34,-3.55,-4.17,-5.80,3.18,4.56],0.000000,0.000000,0,0
12,1.020000,491,22.335749,114.262682,1.445589,353.840000,12,20,2024,3,42,48,0,0,[-5.66,1.66,1.56,-16.31,-3.12,-4.60,-4.35,-10.02,2.52,0.29],0.000000,0.000000,0,0
12,1.050000,506,22.335763,114.262681,1.455878,355.860000,12,20,2024,3,42,49,0,0,[-3.81,2.36,5.44,-12.05,-3.30,-2.29,-4.47,-11.05,0.23,2.22],0.000000,0.000000,0,0
12,1.050000,526,22.335776,114.262681,1.404433,0.030000,12,20,2024,3,42,50,0,0,[-2.48,1.13,6.91,-2.14,-2.85,-3.56,-2.02,-12.13,3.01,1.66],0.000000,0.000000,0,0
12,0.980000,546,22.335788,114.262681,1.352989,1.050000,12,20,2024,3,42,51,0,0,[1.57,-2.33,3.80,-10.78,0.12,-1.37,-5.60,-7.99,-3.99,-1.40],0.000000,0.000000,0,0
12,1.040000,562,22.335801,114.262680,1.332411,356.580000,12,20,2024,3,42,52,0,0,[0.77,-4.45,1.52,-2.70,-4.75,-4.24,-6.60,-6.45,-5.47,-0.87],0.000000,0.000000,0,0
12,1.000000,580,22.335813,114.262680,1.378711,356.880000,12,20,2024,3,42,53,0,0,[-1.28,0.28,3.84,3.58,-4.26,1.77,-3.74,-7.24,-4.03,-4.14],0.000000,0.000000,0,0
12,0.930000,600,22.335825,114.262681,1.316978,5.780000,12,20,2024,3,42,54,0,0,[1.95,1.11,7.42,2.14,-6.24,2.26,0.13,-6.37,-9.67,3.25],0.000000,0.000000,0,0
12,1.140000,619,22.335838,114.262683,1.358133,6.330000,12,20,2024,3,42,55,0,0,[-4.87,-4.23,0.41,1.83,-12.47,-1.37,-6.90,-5.26,-12.61,6.65],0.000000,0.000000,0,0
12,1.140000,630,22.335850,114.262683,1.260389,3.400000,12,20,2024,3,42,56,0,0,[-2.23,-6.20,4.38,9.40,-10.53,-2.64,-1.47,-3.66,-8.03,-0.51],0.000000,0.000000,0,0
12,1.240000,647,22.335863,114.262681,1.538189,358.420000,12,20,2024,3,42,57,0,0,[-1.33,-3.33,-0.41,7.48,-12.92,-4.64,-3.34,-8.01,-11.37,-4.23],0.000000,0.000000,0,0
12,1.040000,651,22.335877,114.262680,1.445589,358.520000,12,20,2024,3,42,58,0,0,[-0.39,-0.64,5.45,9.72,-10.78,-1.13,-0.12,-1.49,-6.47,-7.74],0.000000,0.000000,0,0
12,1.040000,667,22.335890,114.262680,1.404433,0.390000,12,20,2024,3,42,59,0,0,[-3.09,-0.98,-2.04,2.87,-4.53,-4.03,-3.24,-5.61,-8.34,1.34],0.000000,0.000000,0,0
12,1.040000,686,22.335903,114.262680,1.399289,0.390000,12,20,2024,3,43,0,0,0,[2.08,3.50,4.92,11.48,-3.83,-5.77,2.09,-4.83,-12.24,-5.62],0.000000,0.000000,0,0
12,0.990000,702,22.335913,114.262682,1.008311,13.890000,12,20,2024,3,43,1,0,0,[2.39,-1.67,-1.23,5.02,-1.17,-3.52,-0.70,-8.60,-11.48,-8.11],0.000000,0.000000,0,0
12,0.960000,718,22.335925,114.262683,1.450733,8.420000,12,20,2024,3,43,2,0,0,[1.63,1.08,-2.02,6.50,5.51,-7.55,2.66,-0.25,-3.54,-3.14],0.000000,0.000000,0,0
12,0.960000,744,22.335938,114.262683,1.414722,5.680000,12,20,2024,3,43,3,0,0,[8.95,-3.62,6.25,8.38,6.41,-9.43,1.12,-5.16,-6.41,-11.18],0.000000,0.000000,0,0
12,0.850000,742,22.335949,114.262689,1.425011,23.290000,12,20,2024,3,43,4,0,0,[1.94,0.60,1.61,6.07,7.07,-8.10,0.85,1.41,-1.91,-8.43],0.000000,0.000000,0,0
12,0.920000,758,22.335961,114.262691,1.440444,8.010000,12,20,2024,3,43,5,0,0,[4.47,4.26,1.56,5.38,11.47,-7.39,-4.53,-3.96,-10.39,-8.48],0.000000,0.000000,0,0
12,0.920000,458,22.335986,114.262691,1.306689,4.710000,12,20,2024,3,43,7,0,0,[-1.99,-1.97,1.51,3.75,10.00,-2.02,-4.41,-1.33,-6.31,-4.83],0.000000,0.000000,0,0
12,0.920000,415,22.335999,114.262691,1.435300,2.590000,12,20,2024,3,43,8,0,0,[6.91,-3.29,-6.05,-1.00,3.38,-1.04,-8.62,-4.83,-3.81,-6.55],0.000000,0.000000,0,0
12,0.960000,430,22.336012,114.262690,1.404433,358.380000,12,20,2024,3,43,9,0,0,[-5.23,-6.16,-5.88,-2.15,-3.97,1.57,-9.60,-4.81,-7.01,-5.83],0.000000,0.000000,0,0
12,0.960000,447,22.336025,114.262689,1.389000,358.160000,12,20,2024,3,43,10,0,0,[3.82,-0.77,-7.00,-3.88,-2.22,2.48,-7.86,-8.10,-6.62,-1.13],0.000000,0.000000,0,0
12,1.010000,460,22.336038,114.262689,1.502178,0.850000,12,20,2024,3,43,11,0,0,[-1.16,2.14,-2.66,2.53,4.15,14.19,2.45,5.06,-0.94,-4.18],0.000000,0.000000,0,0
12,0.920000,476,22.336051,114.262687,1.378711,358.520000,12,20,2024,3,43,12,0,0,[-5.93,-2.28,-3.79,-4.20,4.41,4.29,3.19,-1.43,-0.53,-3.75],0.000000,0.000000,0,0
12,0.920000,491,22.336064,114.262684,1.425011,352.590000,12,20,2024,3,43,13,0,0,[-3.20,-3.77,4.48,3.73,-3.15,9.09,7.35,0.65,-0.27,-1.22],0.000000,0.000000,0,0
12,0.920000,513,22.336077,114.262683,1.327267,354.030000,12,20,2024,3,43,14,0,0,[-1.97,1.41,3.92,0.88,4.75,11.05,-2.90,-1.57,1.34,-3.56],0.000000,0.000000,0,0
12,0.920000,436,22.336089,114.262682,1.378711,354.390000,12,20,2024,3,43,15,0,0,[-2.88,3.36,3.90,6.44,-0.21,10.15,-2.12,-10.99,1.66,-1.41],0.000000,0.000000,0,0
12,0.920000,357,22.336102,114.262681,1.322122,354.120000,12,20,2024,3,43,16,0,0,[-7.79,-4.85,3.09,5.35,4.17,6.05,10.52,-9.78,2.65,-5.67],0.000000,0.000000,0,0
12,0.940000,281,22.336113,114.262680,1.229522,356.940000,12,20,2024,3,43,17,0,0,[-2.05,-3.30,3.71,-0.36,-1.05,6.46,8.69,-0.09,0.67,1.23],0.000000,0.000000,0,0
12,0.850000,207,22.336125,114.262681,1.363278,0.670000,12,20,2024,3,43,18,0,0,[-8.37,-13.19,-3.00,0.47,-1.11,0.24,6.83,2.51,-6.85,2.22],0.000000,0.000000,0,0
12,0.940000,44,22.336137,114.262685,1.332411,14.620000,12,20,2024,3,43,19,0,0,[3.91,-3.08,5.20,4.88,3.07,5.22,10.95,-0.42,-1.20,4.93],0.000000,0.000000,0,0
12,0.940000,836,22.336147,114.262693,1.466167,39.050000,12,20,2024,3,43,20,0,0,[-1.08,0.36,0.11,1.44,-1.32,-4.68,8.61,9.56,-6.71,-1.58],0.000000,0.000000,0,0
12,1.020000,708,22.336153,114.262703,1.378711,55.840000,12,20,2024,3,43,21,0,0,[0.83,-6.74,-8.01,-2.09,-1.35,-1.34,-0.39,6.68,-12.18,-12.21],0.000000,0.000000,0,0
12,0.860000,627,22.336156,114.262715,1.342700,76.500000,12,20,2024,3,43,22,0,0,[-8.56,-8.69,-9.29,-4.65,-3.31,4.85,0.77,1.49,7.17,-12.87],0.000000,0.000000,0,0
12,0.980000,529,22.336156,114.262729,1.517611,86.250000,12,20,2024,3,43,23,0,0,[-2.70,-4.03,-9.66,-16.86,-4.52,-2.08,-6.81,0.96,5.06,-16.11],0.000000,0.000000,0,0
12,0.980000,448,22.336156,114.262742,1.461022,89.420000,12,20,2024,3,43,24,0,0,[-1.69,-5.88,-10.74,-12.32,-1.92,-1.98,-8.82,-3.07,2.50,-8.00],0.000000,0.000000,0,0
12,0.950000,349,22.336156,114.262755,1.378711,90.880000,12,20,2024,3,43,25,0,0,[0.96,-6.66,-7.55,-8.50,3.02,0.00,-1.40,-0.62,4.67,-3.23],0.000000,0.000000,0,0
12,0.930000,186,22.336154,114.262765,1.250100,95.460000,12,20,2024,3,43,26,0,0,[-7.11,-4.61,-4.10,-3.00,-3.02,-4.19,-2.63,-0.07,1.87,4.28],0.000000,0.000000,0,0
12,0.930000,1216,22.336154,114.262765,1.250100,95.460000,12,20,2024,3,43,26,0,0,[-3.27,2.51,0.96,-1.97,-6.89,-3.66,-0.91,-2.48,2.98,4.27],0.000000,0.000000,0,0
12,0.900000,934,22.336155,114.262788,1.198656,92.130000,12,20,2024,3,43,28,0,0,[-5.35,1.43,-1.40,-3.99,-6.88,-1.80,1.92,1.21,2.10,0.49],0.000000,0.000000,0,0
12,0.890000,831,22.336155,114.262798,1.162644,88.430000,12,20,2024,3,43,29,0,0,[-1.89,-5.75,-1.87,-1.49,-4.59,-3.86,-5.38,-4.68,-1.57,1.57],0.000000,0.000000,0,0
12,1.000000,731,22.336154,114.262811,1.394144,91.500000,12,20,2024,3,43,30,0,0,[0.75,-3.81,0.74,-1.21,-2.07,-3.50,0.57,-1.11,-1.64,-1.61],0.000000,0.000000,0,0
12,1.160000,632,22.336154,114.262823,1.013456,92.630000,12,20,2024,3,43,31,0,0,[1.97,-0.03,-1.16,1.82,-1.80,-1.87,-0.65,-1.75,-0.11,-4.26],0.000000,0.000000,0,0
12,0.920000,532,22.336155,114.262829,0.432133,90.320000,12,20,2024,3,43,32,0,0,[-0.84,-1.58,0.42,0.21,0.83,-0.20,-0.69,-1.25,-3.59,-11.73],0.000000,0.000000,0,0
12,0.920000,382,22.336157,114.262828,0.138900,90.320000,12,20,2024,3,43,33,0,0,[-6.69,-7.46,-4.67,-3.09,0.83,5.06,-3.68,-5.74,-1.62,-1.39],0.000000,0.000000,0,0
12,1.040000,75,22.336151,114.262833,0.889989,147.440000,12,20,2024,3,43,35,0,0,[0.25,-4.75,1.28,1.84,3.17,-0.99,2.61,-9.50,-9.45,-8.02],0.000000,0.000000,0,0
12,1.040000,27,22.336153,114.262847,1.743967,103.100000,12,20,2024,3,43,36,0,0,[-8.33,-8.71,-12.64,0.87,-3.67,-2.51,4.84,1.34,-7.79,-1.30],0.000000,0.000000,0,0
12,1.170000,1016,22.336153,114.262847,1.743967,103.100000,12,20,2024,3,43,36,0,0,[-0.64,-0.86,-0.12,-0.08,2.30,0.58,7.10,6.99,-5.14,-3.24],0.000000,0.000000,0,0
12,1.390000,966,22.336147,114.262852,0.910567,129.050000,12,20,2024,3,43,37,0,0,[-2.77,-3.31,-9.36,-3.29,-1.13,-2.33,4.82,8.40,1.38,1.22],0.000000,0.000000,0,0
12,1.480000,897,22.336146,114.262856,0.715078,129.050000,12,20,2024,3,43,38,0,0,[-0.43,3.57,-4.26,-9.82,-11.41,1.08,8.24,9.69,6.19,1.75],0.000000,0.000000,0,0
12,1.190000,859,22.336141,114.262865,1.450733,132.700000,12,20,2024,3,43,39,0,0,[-1.38,-3.69,-1.04,-4.26,-3.26,-6.11,-2.69,-5.34,-7.18,-0.55],0.000000,0.000000,0,0
12,1.390000,699,22.336135,114.262871,0.869411,135.160000,12,20,2024,3,43,40,0,0,[5.42,9.94,1.03,-5.53,-8.27,1.28,3.02,3.46,1.63,-3.20],0.000000,0.000000,0,0
12,2.120000,377,22.336133,114.262867,0.514444,135.160000,12,20,2024,3,43,42,0,0,[-20.93,-15.54,-9.63,-6.67,0.38,0.67,-3.17,1.77,-1.21,0.94],0.000000,0.000000,0,0
12,0.870000,319,22.336133,114.262883,1.800556,119.300000,12,20,2024,3,43,43,0,0,[-2.54,-9.39,-6.26,-11.16,-6.36,-10.25,-7.49,-11.41,-10.57,-4.32],0.000000,0.000000,0,0
12,1.000000,258,22.336142,114.262891,1.517611,119.300000,12,20,2024,3,43,44,0,0,[-7.22,-14.13,-10.11,-4.14,-4.87,-4.43,-6.76,-6.19,-3.27,-6.12],0.000000,0.000000,0,0
12,1.150000,200,22.336151,114.262902,1.491889,119.300000,12,20,2024,3,43,45,0,0,[-9.26,-13.99,-13.78,-14.63,-11.41,-9.06,-8.45,-12.43,-12.17,-16.54],0.000000,0.000000,0,0
12,1.140000,164,22.336158,114.262922,1.898300,119.300000,12,20,2024,3,43,46,0,0,[-20.00,-19.43,-14.82,-12.35,-10.60,-8.24,-6.71,-3.55,-3.94,-8.55],0.000000,0.000000,0,0
10,1.820000,83,22.336168,114.262928,1.558767,119.300000,12,20,2024,3,43,47,0,0,[-11.29,-5.96,-0.87,1.59,-1.53,3.85,2.08,0.15,4.12,5.32],0.000000,0.000000,0,0
10,1.820000,82,22.336147,114.262921,0.442422,119.300000,12,20,2024,3,43,48,0,0,[0.69,-4.15,-21.12,0.38,-1.79,-0.63,-1.49,3.98,5.99,8.11],0.000000,0.000000,0,0
10,1.820000,42,22.336150,114.262940,0.560744,119.300000,12,20,2024,3,43,49,0,0,[2.23,-1.26,-15.19,-8.04,-10.64,-1.04,4.20,5.32,0.20,0.43],0.000000,0.000000,0,0
11,1.820000,795,22.336155,114.262940,0.318956,119.300000,12,20,2024,3,43,50,0,0,[-2.90,-6.60,-8.27,-12.22,-5.78,-4.04,5.90,5.83,1.26,-3.44],0.000000,0.000000,0,0
12,1.150000,658,22.336164,114.262934,0.375544,119.300000,12,20,2024,3,43,51,0,0,[-7.67,-18.19,-14.47,-11.94,-9.66,-7.02,4.06,-3.98,2.35,4.50],0.000000,0.000000,0,0
12,1.070000,631,22.336155,114.262923,1.008311,119.300000,12,20,2024,3,43,52,0,0,[3.51,-3.03,-1.21,1.44,1.42,2.68,-0.37,2.31,12.12,-1.04],0.000000,0.000000,0,0
12,1.060000,616,22.336146,114.262906,1.579344,119.300000,12,20,2024,3,43,53,0,0,[-0.62,-1.56,-1.12,-7.69,0.94,-1.99,-5.49,-6.55,2.14,10.39],0.000000,0.000000,0,0
12,1.060000,595,22.336133,114.262886,1.831422,119.300000,12,20,2024,3,43,54,0,0,[-6.07,-1.11,-5.17,-12.16,-11.76,-3.67,-3.45,-1.46,5.08,1.94],0.000000,0.000000,0,0
12,1.250000,582,22.336135,114.262855,1.800556,119.300000,12,20,2024,3,43,55,0,0,[2.60,-4.71,-5.66,-12.02,-10.30,-6.21,-3.32,-3.07,0.45,-3.64],0.000000,0.000000,0,0
12,1.100000,569,22.336126,114.262842,1.790267,119.300000,12,20,2024,3,43,56,0,0,[0.64,-4.37,-2.80,-8.01,-11.51,-9.88,-6.47,0.53,4.50,3.17],0.000000,0.000000,0,0
12,1.160000,557,22.336100,114.262836,2.741989,119.300000,12,20,2024,3,43,57,0,0,[3.38,-1.37,-3.03,-11.32,-11.74,-7.31,3.44,1.79,5.72,1.78],0.000000,0.000000,0,0
11,1.090000,570,22.336071,114.262810,2.680256,119.300000,12,20,2024,3,43,58,0,0,[3.56,5.83,-1.98,-2.74,-4.16,-1.94,-4.82,-1.25,1.86,-3.69],0.000000,0.000000,0,0
11,1.190000,586,22.336052,114.262787,2.716267,119.300000,12,20,2024,3,43,59,0,0,[1.43,12.22,-5.43,3.10,-4.06,-3.86,1.75,2.01,0.43,-3.06],0.000000,0.000000,0,0
11,1.190000,601,22.336045,114.262753,2.592800,119.300000,12,20,2024,3,44,0,0,0,[-8.05,4.65,7.74,6.40,-3.05,-1.76,-8.69,-3.98,-7.61,-9.52],0.000000,0.000000,0,0
11,1.200000,614,22.336013,114.262761,2.387022,119.300000,12,20,2024,3,44,1,0,0,[-2.23,1.14,1.69,-2.65,-2.88,-6.89,-7.44,-12.94,-10.50,-6.96],0.000000,0.000000,0,0
12,1.190000,622,22.336006,114.262752,2.052633,119.300000,12,20,2024,3,44,2,0,0,[-3.66,1.54,3.06,-1.76,-4.56,-5.01,-7.60,-8.52,0.82,-2.08],0.000000,0.000000,0,0
12,1.230000,631,22.335994,114.262745,1.599922,119.300000,12,20,2024,3,44,3,0,0,[3.18,9.50,5.68,-0.61,1.12,-1.89,-6.96,-3.75,-4.64,-1.09],0.000000,0.000000,0,0
12,1.200000,532,22.335980,114.262744,1.286111,119.300000,12,20,2024,3,44,4,0,0,[-2.55,-0.73,11.90,9.54,6.11,4.95,1.21,-7.98,-2.87,0.41],0.000000,0.000000,0,0
12,1.150000,200,22.335969,114.262707,1.476456,173.180000,12,20,2024,3,44,6,0,0,[-0.22,-1.17,-3.77,7.09,18.82,6.93,-6.26,-1.47,-2.82,-7.47],0.000000,0.000000,0,0
12,1.150000,125,22.335970,114.262707,0.967156,173.180000,12,20,2024,3,44,7,0,0,[-2.88,-7.03,-3.27,3.67,-2.73,-4.51,-0.36,-4.73,-6.19,-14.61],0.000000,0.000000,0,0
10,1.190000,138,22.335960,114.262703,0.951722,173.180000,12,20,2024,3,44,8,0,0,[-8.02,-10.84,1.30,0.77,3.92,-0.37,-4.47,-4.98,-5.46,-8.56],0.000000,0.000000,0,0
11,1.440000,44,22.335953,114.262695,0.962011,173.180000,12,20,2024,3,44,9,0,0,[-4.37,-1.33,-1.73,-0.25,0.36,-1.06,-0.67,-0.43,-7.32,-12.68],0.000000,0.000000,0,0
11,1.440000,0,22.335965,114.262677,0.565889,173.180000,12,20,2024,3,44,10,0,0,[-5.73,-9.83,-1.15,4.83,7.66,0.37,2.54,3.62,-3.89,-4.74],0.000000,0.000000,0,0
8,2.450000,983,22.335965,114.262677,0.565889,173.180000,12,20,2024,3,44,10,0,0,[0.71,3.63,-0.37,-1.34,0.97,0.07,18.88,10.84,0.86,2.92],0.000000,0.000000,0,0
11,1.310000,989,22.335962,114.262671,0.524733,173.180000,12,20,2024,3,44,11,0,0,[-0.93,1.09,2.35,2.76,-0.29,-1.26,0.98,16.17,8.32,3.44],0.000000,0.000000,0,0
10,1.440000,980,22.335959,114.262665,0.529878,173.180000,12,20,2024,3,44,12,0,0,[4.24,-5.09,2.24,-5.91,-7.75,-3.48,-2.01,6.24,9.35,-0.79],0.000000,0.000000,0,0
10,1.330000,970,22.335981,114.262657,0.252078,173.180000,12,20,2024,3,44,13,0,0,[1.89,-3.44,-6.19,-7.67,-3.95,-5.17,0.70,3.78,5.35,3.28],0.000000,0.000000,0,0
12,1.020000,955,22.335967,114.262686,0.324100,173.180000,12,20,2024,3,44,14,0,0,[2.64,-2.34,-7.82,-9.70,-3.91,-4.10,1.83,6.11,4.84,3.04],0.000000,0.000000,0,0
12,1.010000,937,22.335961,114.262697,0.627622,173.180000,12,20,2024,3,44,15,0,0,[-2.15,-4.12,-8.86,-6.64,-2.20,-1.73,3.87,7.47,1.41,-1.19],0.000000,0.000000,0,0
12,1.090000,915,22.335979,114.262687,0.751089,173.180000,12,20,2024,3,44,16,0,0,[5.39,-4.97,-5.65,2.38,-0.67,-3.24,1.37,-2.76,-0.36,18.21],0.000000,0.000000,0,0
12,0.960000,893,22.336009,114.262694,0.483578,173.180000,12,20,2024,3,44,17,0,0,[4.84,2.63,-0.97,0.48,-6.20,-2.45,12.48,6.61,0.70,12.33],0.000000,0.000000,0,0
12,0.960000,552,22.336053,114.262683,0.504156,173.180000,12,20,2024,3,44,19,0,0,[18.92,-2.11,-4.88,-5.27,-2.26,-5.56,14.98,2.80,1.44,13.41],0.000000,0.000000,0,0
12,1.010000,423,22.336062,114.262670,0.607044,173.180000,12,20,2024,3,44,20,0,0,[19.72,-9.06,-3.07,-4.89,-4.51,-8.20,-9.20,12.46,-2.42,-4.94],0.000000,0.000000,0,0
12,1.040000,402,22.336062,114.262674,0.416700,173.180000,12,20,2024,3,44,21,0,0,[6.04,-0.24,-5.55,-8.06,-3.26,-15.26,-16.87,6.56,7.97,8.53],0.000000,0.000000,0,0
12,1.050000,381,22.336068,114.262675,0.318956,173.180000,12,20,2024,3,44,22,0,0,[20.94,16.43,6.97,6.79,8.91,6.81,9.15,33.62,24.97,19.77],0.000000,0.000000,0,0
12,0.940000,361,22.336075,114.262715,0.797389,173.180000,12,20,2024,3,44,23,0,0,[9.02,5.95,3.83,8.82,15.00,10.36,13.34,1.74,2.95,4.61],0.000000,0.000000,0,0
12,1.090000,343,22.336067,114.262726,1.044322,173.180000,12,20,2024,3,44,24,0,0,[10.75,9.03,13.93,17.36,23.68,23.39,21.04,17.27,9.41,8.37],0.000000,0.000000,0,0
12,1.000000,303,22.336060,114.262728,1.280967,137.450000,12,20,2024,3,44,25,0,0,[8.60,6.22,-5.01,-1.64,3.59,4.55,1.25,-11.27,-1.62,400.00],0.000000,0.000000,0,0
12,1.000000,271,22.336052,114.262748,1.641078,121.360000,12,20,2024,3,44,26,0,0,[-0.69,4.25,-10.28,-18.77,-34.29,-10.93,-7.86,-1.24,-11.75,-12.43],0.000000,0.000000,0,0
12,1.100000,265,22.336043,114.262768,1.826278,117.780000,12,20,2024,3,44,27,0,0,[-9.18,-13.11,-13.73,-5.10,-2.61,1.03,7.05,2.31,0.23,-6.17],0.000000,0.000000,0,0
10,1.120000,266,22.336046,114.262800,2.119511,112.060000,12,20,2024,3,44,28,0,0,[1.57,2.48,4.30,-1.09,2.01,-12.44,-0.60,-0.35,6.03,-6.54],0.000000,0.000000,0,0
10,1.040000,272,22.336042,114.262820,2.052633,109.560000,12,20,2024,3,44,29,0,0,[-11.33,-8.21,-4.84,-2.58,3.32,-13.49,-4.87,7.57,4.49,1.00],0.000000,0.000000,0,0
9,1.540000,277,22.336037,114.262839,2.052633,107.990000,12,20,2024,3,44,30,0,0,[-19.43,1.19,38.93,-17.99,-13.21,-11.97,-16.39,-11.48,-15.31,-2.81],0.000000,0.000000,0,0
7,1.380000,283,22.336017,114.262874,2.376733,106.450000,12,20,2024,3,44,31,0,0,[-3.39,-7.56,-3.47,-8.07,-7.83,-3.84,-11.13,-4.11,-1.57,-3.03],0.000000,0.000000,0,0
10,1.230000,287,22.336011,114.262897,2.376733,105.900000,12,20,2024,3,44,32,0,0,[4.96,-13.18,2.35,18.05,-20.74,-9.18,-0.96,-4.25,-6.39,-0.16],0.000000,0.000000,0,0
10,1.230000,300,22.336005,114.262919,2.376733,105.600000,12,20,2024,3,44,33,0,0,[-3.40,-11.33,-4.49,-8.97,-10.01,-9.85,-9.86,-5.22,-5.45,-3.83],0.000000,0.000000,0,0
11,1.230000,153,22.336006,114.262928,1.949744,108.510000,12,20,2024,3,44,34,0,0,[-10.03,-3.51,-3.89,-6.70,-2.24,-1.80,-7.57,-5.05,-10.22,-9.52],0.000000,0.000000,0,0
11,1.230000,1184,22.336006,114.262928,1.949744,108.510000,12,20,2024,3,44,34,0,0,[-1.25,6.44,1.08,0.64,0.83,0.99,1.02,1.19,0.84,0.78],0.000000,0.000000,0,0
12,1.140000,839,22.335993,114.262963,1.949744,109.500000,12,20,2024,3,44,36,0,0,[0.90,1.24,1.40,4.97,4.09,1.09,1.14,0.52,1.62,14.58],0.000000,0.000000,0,0
9,1.220000,743,22.335990,114.262998,2.088644,111.860000,12,20,2024,3,44,37,0,0,[-3.69,31.57,3.37,-0.25,-9.48,17.37,7.86,1.58,5.06,-1.55],0.000000,0.000000,0,0
11,1.140000,657,22.335983,114.263017,2.088644,111.860000,12,20,2024,3,44,38,0,0,[0.77,-5.24,-0.34,3.32,10.25,7.39,2.87,3.97,1.02,7.24],0.000000,0.000000,0,0
10,1.080000,575,22.335975,114.263036,2.088644,111.860000,12,20,2024,3,44,39,0,0,[2.94,5.12,5.31,3.01,1.85,0.90,26.22,2.56,-5.10,4.39],0.000000,0.000000,0,0
11,1.290000,422,22.335952,114.263008,1.831422,111.860000,12,20,2024,3,44,40,0,0,[0.82,2.77,-0.88,26.77,-2.90,27.16,86.45,12.56,19.20,-6.65],0.000000,0.000000,0,0
10,1.140000,40,22.335932,114.263037,1.831422,111.860000,12,20,2024,3,44,42,0,0,[-25.78,-19.33,-128.79,157.20,-172.23,173.20,173.73,173.94,171.87,174.17],0.000000,0.000000,0,0
10,1.140000,1070,22.335932,114.263037,1.831422,111.860000,12,20,2024,3,44,42,0,0,[164.81,176.12,171.19,168.29,162.07,180.00,173.45,169.64,174.98,175.87],0.000000,0.000000,0,0
11,1.290000,981,22.335917,114.263107,2.423033,117.590000,12,20,2024,3,44,43,0,0,[176.07,174.72,172.01,176.33,173.11,178.05,172.25,174.17,178.40,173.76],0.000000,0.000000,0,0
10,1.080000,892,22.335906,114.263127,2.423033,119.210000,12,20,2024,3,44,44,0,0,[176.14,176.56,175.85,173.59,176.34,174.63,-179.37,172.47,178.06,174.69],0.000000,0.000000,0,0
10,1.120000,910,22.335894,114.263147,2.423033,120.110000,12,20,2024,3,44,45,0,0,[173.97,173.40,168.63,179.03,175.85,175.24,171.55,178.37,175.96,179.08],0.000000,0.000000,0,0
11,1.290000,927,22.335854,114.263142,2.268700,125.610000,12,20,2024,3,44,46,0,0,[172.01,175.74,174.20,171.96,174.64,172.13,172.47,174.72,179.40,171.23],0.000000,0.000000,0,0
9,1.110000,947,22.335841,114.263159,2.268700,127.560000,12,20,2024,3,44,47,0,0,[175.87,173.02,177.84,176.23,176.89,171.92,173.86,170.75,171.58,173.56],0.000000,0.000000,0,0
10,1.040000,973,22.335828,114.263176,2.268700,128.650000,12,20,2024,3,44,48,0,0,[175.55,175.72,174.89,173.03,177.71,174.29,178.75,177.60,173.03,178.11],0.000000,0.000000,0,0
11,1.290000,989,22.335792,114.263200,2.206967,127.770000,12,20,2024,3,44,49,0,0,[176.42,177.46,172.91,170.86,173.62,172.49,176.67,174.59,173.40,174.60],0.000000,0.000000,0,0
11,1.140000,992,22.335780,114.263217,2.206967,127.770000,12,20,2024,3,44,50,0,0,[174.54,173.22,178.48,176.46,176.71,168.86,174.81,175.91,175.19,174.35],0.000000,0.000000,0,0
10,1.090000,999,22.335768,114.263235,2.206967,127.770000,12,20,2024,3,44,51,0,0,[173.66,171.03,177.18,175.94,175.21,174.99,175.41,179.69,174.64,176.09],0.000000,0.000000,0,0
11,1.230000,989,22.335737,114.263267,2.351011,128.080000,12,20,2024,3,44,52,0,0,[173.07,170.70,174.43,178.50,176.04,177.90,176.54,175.07,175.14,176.46],0.000000,0.000000,0,0
11,1.140000,996,22.335724,114.263285,2.351011,128.210000,12,20,2024,3,44,53,0,0,[179.68,175.19,177.47,175.53,174.69,175.89,180.00,174.13,172.22,178.02],0.000000,0.000000,0,0
11,1.140000,1020,22.335711,114.263303,2.351011,128.210000,12,20,2024,3,44,54,0,0,[174.99,173.59,175.24,177.47,175.08,173.36,175.89,174.44,173.22,172.95],0.000000,0.000000,0,0
11,1.140000,16,22.335708,114.263295,1.990900,128.210000,12,20,2024,3,44,56,0,0,[173.53,178.41,175.94,175.89,173.63,174.04,177.34,171.87,173.45,175.96],0.000000,0.000000,0,0
11,1.140000,36,22.335697,114.263310,1.990900,128.210000,12,20,2024,3,44,57,0,0,[175.53,171.69,172.57,174.26,175.24,177.48,173.80,175.72,174.53,176.04],0.000000,0.000000,0,0
11,1.140000,1064,22.335697,114.263310,1.990900,128.210000,12,20,2024,3,44,57,0,0,[173.83,171.78,175.58,176.00,175.56,171.70,174.39,177.24,173.59,172.04],0.000000,0.000000,0,0
9,1.470000,916,22.335688,114.263307,1.898300,128.210000,12,20,2024,3,44,58,0,0,[173.24,172.79,176.04,173.07,177.87,179.67,172.64,176.99,176.11,174.65],0.000000,0.000000,0,0
8,1.300000,612,22.335668,114.263336,1.898300,128.210000,12,20,2024,3,45,0,0,0,[173.99,174.54,177.74,169.59,173.36,173.93,173.83,173.80,174.02,171.35],0.000000,0.000000,0,0
8,1.430000,618,22.335638,114.263361,1.918878,128.210000,12,20,2024,3,45,1,0,0,[174.57,172.05,-115.36,129.84,175.54,124.78,-16.16,-139.64,98.90,167.24],0.000000,0.000000,0,0
10,1.140000,623,22.335628,114.263376,1.918878,128.210000,12,20,2024,3,45,2,0,0,[-131.02,-169.63,-115.08,-142.13,-132.76,-132.27,58.98,-142.46,-125.60,-10.83],0.000000,0.000000,0,0
9,1.200000,529,22.335617,114.263391,1.918878,128.210000,12,20,2024,3,45,3,0,0,[-132.19,-129.19,-109.24,157.22,-127.69,-135.93,-101.92,-77.99,-171.74,-117.82],0.000000,0.000000,0,0
9,1.470000,432,22.335607,114.263353,1.584489,128.210000,12,20,2024,3,45,4,0,0,[-169.95,-115.81,-99.68,-102.21,-104.39,-124.89,-56.78,-130.70,-97.93,-166.53],0.000000,0.000000,0,0
9,1.150000,333,22.335598,114.263365,1.584489,128.210000,12,20,2024,3,45,5,0,0,[-133.22,-118.80,-116.45,-117.53,-127.37,-113.12,-127.11,-135.00,-141.56,-130.60],0.000000,0.000000,0,0
9,1.180000,237,22.335589,114.263377,1.584489,128.210000,12,20,2024,3,45,6,0,0,[-117.80,-131.27,-137.97,-120.59,-129.91,-131.52,-121.66,-127.64,-104.49,-123.28],0.000000,0.000000,0,0
11,1.370000,83,22.335601,114.263323,1.219233,128.210000,12,20,2024,3,45,7,0,0,[-139.57,-113.58,-135.20,-146.23,-155.92,-142.10,-143.00,-3.87,-140.96,-58.31],0.000000,0.000000,0,0
11,1.370000,1111,22.335601,114.263323,1.219233,128.210000,12,20,2024,3,45,7,0,0,[-132.76,-135.00,-116.19,-138.92,-136.26,-145.73,-70.35,-150.80,-131.72,-122.87],0.000000,0.000000,0,0
10,1.200000,810,22.335586,114.263340,1.219233,128.210000,12,20,2024,3,45,9,0,0,[-155.86,-132.42,-144.46,-145.82,-146.58,-123.93,-149.92,-117.95,-128.45,-145.90],0.000000,0.000000,0,0
11,1.620000,706,22.335555,114.263329,1.028889,128.210000,12,20,2024,3,45,10,0,0,[-124.38,-137.40,-145.58,-131.19,-131.70,-161.70,-130.73,-156.80,-171.67,-96.49],0.000000,0.000000,0,0
8,1.160000,609,22.335547,114.263334,1.028889,128.210000,12,20,2024,3,45,11,0,0,[-131.75,-136.85,-112.04,-149.27,-125.35,-147.80,-144.57,-111.88,-83.04,-147.63],0.000000,0.000000,0,0
11,1.140000,509,22.335538,114.263339,1.028889,128.210000,12,20,2024,3,45,12,0,0,[-131.92,-126.55,-144.80,-135.20,-130.66,-132.39,-137.08,-160.86,-135.43,-129.73],0.000000,0.000000,0,0
10,1.090000,357,22.335561,114.263268,0.622478,128.210000,12,20,2024,3,45,13,0,0,[-133.49,-132.01,-133.17,-133.00,-131.24,-131.73,-118.36,-127.80,-133.08,-132.92],0.000000,0.000000,0,0
10,1.090000,1385,22.335561,114.263268,0.622478,128.210000,12,20,2024,3,45,13,0,0,[-131.05,-132.69,-139.25,-129.59,-133.40,-131.13,-129.38,-133.35,-126.24,-133.07],0.000000,0.000000,0,0
9,1.120000,962,22.335550,114.263271,0.622478,128.210000,12,20,2024,3,45,15,0,0,[-133.78,-133.92,-128.52,-134.80,-132.46,-128.66,-132.16,-131.88,-131.05,-133.11],0.000000,0.000000,0,0
9,1.230000,865,22.335498,114.263318,0.401267,128.210000,12,20,2024,3,45,16,0,0,[-129.04,-134.79,-134.38,-133.22,-131.56,-130.93,-128.98,-134.01,-129.92,-133.57],0.000000,0.000000,0,0
8,1.370000,773,22.335495,114.263319,0.401267,128.210000,12,20,2024,3,45,17,0,0,[-132.55,-131.68,-128.13,-129.42,-131.36,-157.18,-132.01,-136.01,-147.22,-140.83],0.000000,0.000000,0,0
10,1.220000,675,22.335492,114.263321,0.401267,128.210000,12,20,2024,3,45,18,0,0,[-131.93,-130.91,-132.55,-128.80,-127.99,-114.28,-127.33,-130.75,-131.71,-137.58],0.000000,0.000000,0,0
10,1.040000,523,22.335434,114.263302,0.385833,128.210000,12,20,2024,3,45,19,0,0,[-131.35,-131.04,-124.19,-108.54,-127.19,-109.82,-83.24,-147.15,-127.13,-97.08],0.000000,0.000000,0,0
11,1.140000,116,22.335427,114.263301,0.385833,128.210000,12,20,2024,3,45,21,0,0,[-136.20,-140.80,-145.63,-49.46,-131.54,-90.00,-144.62,-132.86,-130.82,-129.62],0.000000,0.000000,0,0
11,1.620000,134,22.335417,114.263364,0.689356,128.210000,12,20,2024,3,45,22,0,0,[-131.61,-135.42,-128.19,-135.56,-130.57,-132.49,-133.30,-131.49,-132.92,-134.39],0.000000,0.000000,0,0
9,1.230000,156,22.335410,114.263364,0.689356,128.210000,12,20,2024,3,45,23,0,0,[-133.57,-130.73,-130.70,-130.79,-132.68,-129.61,-113.99,-140.67,-119.05,-132.39],0.000000,0.000000,0,0
10,1.120000,178,22.335403,114.263364,0.689356,128.210000,12,20,2024,3,45,24,0,0,[-67.58,-86.04,-125.24,-128.49,-130.14,-134.17,-128.03,-133.59,-130.66,-135.59],0.000000,0.000000,0,0
11,1.620000,195,22.335349,114.263244,1.250100,128.210000,12,20,2024,3,45,25,0,0,[-132.14,-134.21,-135.95,-132.24,-135.00,-131.97,-131.61,-132.51,-129.47,-130.05],0.000000,0.000000,0,0
11,1.140000,214,22.335339,114.263240,1.250100,128.210000,12,20,2024,3,45,26,0,0,[-133.39,-135.60,-129.29,-132.69,-132.41,-131.13,-133.18,-133.04,-135.97,400.00],0.000000,0.000000,0,0
10,1.120000,239,22.335328,114.263235,1.250100,128.210000,12,20,2024,3,45,27,0,0,[-130.70,-134.18,-129.88,-130.54,-132.71,-131.36,-133.40,-129.70,-130.54,400.00],0.000000,0.000000,0,0
9,1.310000,261,22.335345,114.263233,1.085478,128.210000,12,20,2024,3,45,28,0,0,[-134.61,-133.41,-136.01,-128.20,-131.86,-131.03,-129.33,-130.27,-130.48,400.00],0.000000,0.000000,0,0
11,1.040000,279,22.335337,114.263227,1.085478,128.210000,12,20,2024,3,45,29,0,0,[-130.43,-133.03,-131.61,-132.31,-135.59,-132.35,-131.32,-135.00,-129.51,-132.66],0.000000,0.000000,0,0
11,1.140000,335,22.335329,114.263221,1.085478,128.210000,12,20,2024,3,45,30,0,0,[-118.39,-131.66,-133.77,-134.79,-130.39,-132.81,-79.93,-76.83,-155.40,164.72],0.000000,0.000000,0,0
11,1.530000,352,22.335325,114.263199,0.931144,128.210000,12,20,2024,3,45,31,0,0,[-155.40,110.65,-96.28,-170.85,154.27,-164.26,-170.25,-166.50,-161.89,-163.69],0.000000,0.000000,0,0
11,1.140000,372,22.335317,114.263195,0.931144,128.210000,12,20,2024,3,45,32,0,0,[-162.53,-178.26,-4.18,-166.01,9.11,-144.30,162.29,140.06,-155.83,-156.69],0.000000,0.000000,0,0
10,1.120000,387,22.335310,114.263192,0.931144,128.210000,12,20,2024,3,45,33,0,0,[-167.47,-148.75,-157.40,-157.77,179.86,-166.60,-131.14,175.54,-169.39,-61.96],0.000000,0.000000,0,0
10,1.080000,288,22.335312,114.263147,1.162644,128.210000,12,20,2024,3,45,34,0,0,[-161.24,-174.54,-163.98,-160.52,-156.60,-154.74,-160.35,-151.06,-163.86,-167.61],0.000000,0.000000,0,0
11,1.140000,309,22.335306,114.263138,1.162644,128.210000,12,20,2024,3,45,35,0,0,[-160.74,-156.37,-159.98,-156.09,-145.76,-161.19,-160.28,-160.53,-170.66,-159.95],0.000000,0.000000,0,0
11,1.140000,332,22.335299,114.263130,1.162644,128.210000,12,20,2024,3,45,36,0,0,[-154.44,-159.86,-151.66,-154.63,-158.43,-143.37,-159.18,-157.21,-151.09,-156.17],0.000000,0.000000,0,0
11,1.610000,356,22.335301,114.263183,0.951722,128.210000,12,20,2024,3,45,37,0,0,[-157.22,-155.77,-176.57,-167.55,-157.31,-151.03,-158.99,-158.60,-162.18,-159.90],0.000000,0.000000,0,0
10,1.120000,261,22.335296,114.263177,0.951722,128.210000,12,20,2024,3,45,38,0,0,[-159.56,-172.49,-158.61,169.33,-155.77,-124.51,-159.76,-148.87,-160.93,-157.17],0.000000,0.000000,0,0
9,1.480000,110,22.335290,114.263170,0.951722,128.210000,12,20,2024,3,45,39,0,0,[-159.04,-116.88,-155.00,-156.91,-165.23,-154.51,-162.22,-159.56,-150.88,-158.54],0.000000,0.000000,0,0
9,1.480000,872,22.335277,114.263146,1.255244,128.210000,12,20,2024,3,45,40,0,0,[-155.68,-171.50,-156.04,-156.04,-154.18,-161.43,-158.99,-155.72,-145.82,-157.47],0.000000,0.000000,0,0
10,1.290000,734,22.335267,114.263140,1.255244,128.210000,12,20,2024,3,45,41,0,0,[-153.61,-149.47,-156.77,-159.27,-160.07,-168.54,-166.36,-160.51,-162.23,-158.69],0.000000,0.000000,0,0
11,1.140000,635,22.335257,114.263133,1.255244,128.210000,12,20,2024,3,45,42,0,0,[-157.52,-162.68,-74.62,-155.17,-163.40,-146.51,-160.00,-157.03,-155.53,-164.03],0.000000,0.000000,0,0
10,1.080000,537,22.335213,114.263190,1.425011,128.210000,12,20,2024,3,45,43,0,0,[-158.79,-150.06,-157.66,-152.43,-156.10,-157.41,-159.75,-158.48,-162.83,-154.07],0.000000,0.000000,0,0
10,1.050000,442,22.335202,114.263182,1.425011,128.210000,12,20,2024,3,45,44,0,0,[-157.47,-149.63,-135.57,-146.93,-153.85,-159.15,-152.64,-160.20,-154.27,-154.90],0.000000,0.000000,0,0
11,1.140000,23,22.335144,114.263232,1.327267,128.210000,12,20,2024,3,45,46,0,0,[-154.34,-149.12,-157.55,-164.96,-154.59,-147.43,-164.57,-162.09,-159.67,-167.42],0.000000,0.000000,0,0
11,1.140000,1052,22.335144,114.263232,1.327267,128.210000,12,20,2024,3,45,46,0,0,[-157.31,-151.35,-164.85,-155.32,-160.94,-155.88,-56.55,-160.65,-154.93,400.00],0.000000,0.000000,0,0
10,1.120000,901,22.335133,114.263227,1.327267,128.210000,12,20,2024,3,45,47,0,0,[-149.74,-154.10,-155.17,-155.19,-154.03,-153.43,-128.95,-137.00,-136.96,400.00],0.000000,0.000000,0,0
10,1.090000,827,22.335123,114.263221,1.327267,128.210000,12,20,2024,3,45,48,0,0,[-146.31,74.74,-166.30,-122.01,-129.77,115.32,-155.98,-59.28,-146.96,-142.77],0.000000,0.000000,0,0
10,1.610000,729,22.335112,114.263169,1.594778,128.210000,12,20,2024,3,45,49,0,0,[-126.11,63.43,-142.31,-138.34,-151.73,-136.89,-91.49,-137.14,-128.54,-132.44],0.000000,0.000000,0,0
